1.0 1.0 1.0 1.0 1.0 1.0 1.0 1.0 
1.0 1.0 1.0 1.0 1.0 1.0 1.0 1.0 
1.0 1.0 1.0 1.0 1.0 1.0 1.0 1.0 
1.0 1.0 1.0 1.0 1.0 1.0 1.0 1.0 
1.0 1.0 1.0 1.0 1.0 1.0 1.0 1.0 
1.0 1.0 1.0 1.0 1.0 1.0 1.0 1.0 
1.0 1.0 1.0 1.0 1.0 1.0 1.0 1.0 
1.0 1.0 1.0 1.0 1.0 1.0 1.0 1.0 
1.0 1.0 1.0 1.0 1.0 1.0 1.0 1.0 
1.0 1.0 1.0 1.0 1.0 1.0 1.0 1.0 
1.0 1.0 1.0 1.0 1.0 1.0 1.0 1.0 
1.0 1.0 1.0 1.0 1.0 1.0 1.0 1.0 
1.0 1.0 1.0 1.0 1.0 1.0 1.0 1.0 
1.0 1.0 1.0 1.0 1.0 1.0 1.0 1.0 
1.0 1.0 1.0 1.0 1.0 1.0 1.0 1.0 
1.0 1.0 1.0 1.0 1.0 1.0 1.0 1.0 
1.0 1.0 1.0 1.0 1.0 1.0 1.0 1.0 
1.0 1.0 1.0 1.0 1.0 1.0 1.0 1.0 
1.0 1.0 1.0 1.0 1.0 1.0 1.0 1.0 
1.0 1.0 1.0 1.0 1.0 1.0 1.0 1.0 
1.0 1.0 1.0 1.0 1.0 1.0 1.0 1.0 
1.0 1.0 1.0 1.0 1.0 1.0 1.0 1.0 
1.0 1.0 1.0 1.0 1.0 1.0 1.0 1.0 
1.0 1.0 1.0 1.0 1.0 1.0 1.0 1.0 
1.0 1.0 1.0 1.0 1.0 1.0 1.0 1.0 
-1.0 -1.0 -1.0 -1.0 -1.0 -1.0 -1.0 -1.0 
-1000.0 -1000.0 -1000.0 -1.186916426872855 -1000.0 -1000.0 -1000.0 -1000.0 
-1000.0 -1000.0 -1000.0 -0.10899999999999993 -1000.0 -1000.0 -1000.0 -1000.0 
-1000.0 -1000.0 -1000.0 -0.09999999999999995 -1000.0 -1000.0 -1000.0 -1000.0 
-1000.0 -1000.0 -1000.0 0.10000000000000006 -1000.0 -1000.0 -1000.0 -1000.0 
-1000.0 -1000.0 -0.2782899999999998 -1000.0 -1000.0 -1000.0 -1000.0 -1000.0 
-1000.0 -1000.0 -0.2782899999999998 -0.2782899999999998 -1000.0 -1000.0 -1000.0 -1000.0 
-1000.0 -1000.0 -0.2782899999999998 -0.2782899999999998 -1000.0 -1000.0 -1000.0 -1000.0 
-1000.0 -1000.0 -0.2782899999999998 -0.2782899999999998 -1000.0 -1000.0 -1000.0 -1000.0 
-1000.0 -1000.0 -0.2782899999999998 -0.2782899999999998 -1000.0 -1000.0 -1000.0 -1000.0 
-1000.0 -1000.0 -0.10900000000000007 -1000.0 -1000.0 -1000.0 -1000.0 -1000.0 
-1000.0 -1000.0 -0.1899999999999999 -0.1899999999999999 -1000.0 -1000.0 -1000.0 -1000.0 
-1000.0 -1000.0 -0.1899999999999999 -0.19000000000000003 -1000.0 -1000.0 -1000.0 -1000.0 
-1000.0 -1000.0 -0.19000000000000003 -0.1899999999999999 -1000.0 -1000.0 -1000.0 -1000.0 
-1000.0 -1000.0 -0.1899999999999999 -0.10900000000000007 -1000.0 -1000.0 -1000.0 -1000.0 
-1000.0 -1000.0 -0.1981000000000002 -1000.0 -1000.0 -1000.0 -1000.0 -1000.0 
-1000.0 -1000.0 -0.19810000000000008 -0.19810000000000008 -1000.0 -1000.0 -1000.0 -1000.0 
-1000.0 -1000.0 -0.19810000000000008 -0.27099999999999985 -1000.0 -1000.0 -1000.0 -1000.0 
-1000.0 -1000.0 -0.27099999999999985 -0.27099999999999985 -1000.0 -1000.0 -1000.0 -1000.0 
-1000.0 -1000.0 -0.27099999999999985 -0.1981000000000002 -1000.0 -1000.0 -1000.0 -1000.0 
-1000.0 -1000.0 -0.10000000000000006 -1000.0 -1000.0 -1000.0 -1000.0 -1000.0 
-1000.0 -1000.0 -0.10000000000000006 -0.10000000000000006 -1000.0 -1000.0 -1000.0 -1000.0 
-1000.0 -1000.0 -0.10000000000000006 -0.10000000000000006 -1000.0 -1000.0 -1000.0 -1000.0 
-1000.0 -1000.0 -0.09999999999999995 -0.10000000000000006 -1000.0 -1000.0 -1000.0 -1000.0 
-1000.0 -1000.0 -0.10000000000000006 -0.09999999999999995 -1000.0 -1000.0 -1000.0 -1000.0 
-1.0 -1.0 -1.0 -1.0 -1.0 -1.0 -1.0 -1.0 
-1000.0 -1000.0 -1000.0 -0.10000000000000006 -0.19810000000000008 -1000.0 -1000.0 -1000.0 
-1000.0 -1000.0 -1000.0 -0.5345815869692296 1.4665119761488505 -1000.0 -1000.0 -1000.0 
-1000.0 -1000.0 -1000.0 0.10000000000000006 -0.10899999999999993 -1000.0 -1000.0 -1000.0 
-1000.0 -1000.0 -1000.0 -0.19809999999999994 -0.009999999999999955 -1000.0 -1000.0 -1000.0 
-1000.0 -1000.0 -0.19809999999999994 -1000.0 -0.19809999999999994 -1000.0 -1000.0 -1000.0 
-1000.0 -1000.0 -0.27099999999999985 -0.27099999999999985 -0.19809999999999994 -1000.0 -1000.0 -1000.0 
-1000.0 -1000.0 -0.19809999999999994 -0.19809999999999994 -0.19809999999999994 -1000.0 -1000.0 -1000.0 
-1000.0 -1000.0 -0.27099999999999985 -0.19809999999999994 -0.19809999999999994 -1000.0 -1000.0 -1000.0 
-1000.0 -1000.0 -0.19809999999999994 -0.27099999999999985 -0.19809999999999994 -1000.0 -1000.0 -1000.0 
-1000.0 -1000.0 -0.10900000000000012 -1000.0 -0.01000000000000005 -1000.0 -1000.0 -1000.0 
-1000.0 -1000.0 -0.2782899999999998 -0.2782900000000001 -0.19809999999999994 -1000.0 -1000.0 -1000.0 
-1000.0 -1000.0 -0.19809999999999994 -0.2782899999999998 -0.10899999999999993 -1000.0 -1000.0 -1000.0 
-1000.0 -1000.0 -0.2782900000000001 -0.10900000000000007 -0.19809999999999994 -1000.0 -1000.0 -1000.0 
-1000.0 -1000.0 -0.2782899999999998 -0.2782899999999998 -0.10900000000000007 -1000.0 -1000.0 -1000.0 
-1000.0 -1000.0 -0.10000000000000006 -1000.0 -0.10899999999999993 -1000.0 -1000.0 -1000.0 
-1000.0 -1000.0 -0.10000000000000006 -0.09999999999999995 -0.10899999999999993 -1000.0 -1000.0 -1000.0 
-1000.0 -1000.0 -0.09999999999999995 -0.10000000000000006 -0.19000000000000003 -1000.0 -1000.0 -1000.0 
-1000.0 -1000.0 -0.10000000000000006 -0.09999999999999995 -0.19000000000000003 -1000.0 -1000.0 -1000.0 
-1000.0 -1000.0 -0.09999999999999995 -0.09999999999999995 -0.10899999999999993 -1000.0 -1000.0 -1000.0 
-1000.0 -1000.0 -0.19000000000000003 -1000.0 -0.19000000000000003 -1000.0 -1000.0 -1000.0 
-1000.0 -1000.0 -0.19000000000000014 -0.1899999999999999 -0.19000000000000014 -1000.0 -1000.0 -1000.0 
-1000.0 -1000.0 -0.19000000000000014 -0.1899999999999999 -0.19000000000000003 -1000.0 -1000.0 -1000.0 
-1000.0 -1000.0 -0.1899999999999999 -0.19000000000000014 -0.1899999999999999 -1000.0 -1000.0 -1000.0 
-1000.0 -1000.0 -0.1899999999999999 -0.19000000000000003 -0.1900000000000001 -1000.0 -1000.0 -1000.0 
-1.0 -1.0 -1.0 -1.0 -1.0 -1.0 -1.0 -1.0 
-1000.0 -1000.0 -1000.0 -0.10899999999999993 -0.10899999999999993 -0.10900000000000007 -1000.0 -1000.0 
-1000.0 -1000.0 -1000.0 0.09999999999999995 -0.10899999999999993 -0.10900000000000007 -1000.0 -1000.0 
-1000.0 -1000.0 -1000.0 1.407069655732572 0.7952399872829814 3.0722418691620543 -1000.0 -1000.0 
-1000.0 -1000.0 -1000.0 -0.09999999999999995 -0.009999999999999955 -0.01000000000000005 -1000.0 -1000.0 
-1000.0 -1000.0 -0.10899999999999993 -1000.0 -0.10899999999999993 -0.10899999999999993 -1000.0 -1000.0 
-1000.0 -1000.0 -0.1899999999999999 -0.1899999999999999 -0.19000000000000003 -0.19000000000000003 -1000.0 -1000.0 
-1000.0 -1000.0 -0.1899999999999999 -0.10899999999999993 -0.19000000000000003 -0.10899999999999993 -1000.0 -1000.0 
-1000.0 -1000.0 -0.1899999999999999 -0.1899999999999999 -0.19000000000000003 -0.1899999999999999 -1000.0 -1000.0 
-1000.0 -1000.0 -0.1899999999999999 -0.1899999999999999 -0.19000000000000003 -0.10899999999999993 -1000.0 -1000.0 
-1000.0 -1000.0 -0.10000000000000006 -1000.0 -0.01000000000000005 -0.1899999999999999 -1000.0 -1000.0 
-1000.0 -1000.0 -0.10000000000000006 -0.09999999999999995 -0.19000000000000003 -0.1899999999999999 -1000.0 -1000.0 
-1000.0 -1000.0 -0.09999999999999995 -0.09999999999999995 -0.10899999999999993 -0.19000000000000003 -1000.0 -1000.0 
-1000.0 -1000.0 -0.10000000000000006 -0.10000000000000006 -0.10899999999999993 -0.19000000000000003 -1000.0 -1000.0 
-1000.0 -1000.0 -0.09999999999999995 -0.10000000000000006 -0.1899999999999999 -0.19000000000000003 -1000.0 -1000.0 
-1000.0 -1000.0 -0.2782900000000003 -1000.0 -0.10899999999999993 -0.2782900000000003 -1000.0 -1000.0 
-1000.0 -1000.0 -0.2782900000000001 -0.2782900000000001 -0.10899999999999993 -0.2782900000000001 -1000.0 -1000.0 
-1000.0 -1000.0 -0.2782900000000001 -0.2782900000000001 -0.27099999999999985 -0.2782900000000001 -1000.0 -1000.0 
-1000.0 -1000.0 -0.34389999999999976 -0.2782900000000001 -0.10899999999999993 -0.34389999999999976 -1000.0 -1000.0 
-1000.0 -1000.0 -0.2782900000000001 -0.2782900000000001 -0.19810000000000008 -0.2782900000000001 -1000.0 -1000.0 
-1000.0 -1000.0 -0.27100000000000024 -1000.0 -0.271 -0.009999999999999955 -1000.0 -1000.0 
-1000.0 -1000.0 -0.27099999999999985 -0.27099999999999985 -0.27099999999999985 -0.2710000000000001 -1000.0 -1000.0 
-1000.0 -1000.0 -0.27099999999999985 -0.271 -0.27099999999999985 -0.27099999999999985 -1000.0 -1000.0 
-1000.0 -1000.0 -0.27099999999999985 -0.2710000000000001 -0.2710000000000001 -0.19809999999999994 -1000.0 -1000.0 
-1000.0 -1000.0 -0.27099999999999985 -0.2710000000000001 -0.27099999999999985 -0.10900000000000004 -1000.0 -1000.0 
-1.0 -1.0 -1.0 -1.0 -1.0 -1.0 -1.0 -1.0 
-1000.0 -1000.0 -1000.0 0.09999999999999995 -0.10899999999999993 -0.10899999999999993 -0.10899999999999993 -1000.0 
-1000.0 -1000.0 -1000.0 -0.09999999999999995 -0.009999999999999955 -0.10899999999999993 -0.009999999999999955 -1000.0 
-1000.0 -1000.0 -1000.0 -0.19809999999999994 -0.10899999999999993 -0.009999999999999955 -0.10899999999999993 -1000.0 
-1000.0 -1000.0 -1000.0 -0.7225470788338104 -0.4792243141704446 -0.466140958865821 -0.34598551394473137 -1000.0 
-1000.0 -1000.0 -0.09999999999999995 -1000.0 -0.1899999999999999 -0.10900000000000007 -0.009999999999999955 -1000.0 
-1000.0 -1000.0 -0.09999999999999995 -0.10000000000000006 -0.1899999999999999 -0.19000000000000003 -0.10900000000000007 -1000.0 
-1000.0 -1000.0 -0.09999999999999995 -0.10000000000000006 -0.1899999999999999 -0.10900000000000007 -0.1899999999999999 -1000.0 
-1000.0 -1000.0 -0.09999999999999995 -0.09999999999999995 -0.1899999999999999 -0.10900000000000007 -0.1899999999999999 -1000.0 
-1000.0 -1000.0 -0.09999999999999995 -0.10000000000000006 -0.19000000000000003 -0.1899999999999999 -0.10899999999999993 -1000.0 
-1000.0 -1000.0 -0.19810000000000008 -1000.0 -0.010000000000000057 -0.10899999999999993 -0.19810000000000008 -1000.0 
-1000.0 -1000.0 -0.27099999999999985 -0.19810000000000008 -0.19809999999999994 -0.19810000000000008 -0.27099999999999985 -1000.0 
-1000.0 -1000.0 -0.27099999999999985 -0.27099999999999985 -0.10899999999999993 -0.19810000000000008 -0.27099999999999985 -1000.0 
-1000.0 -1000.0 -0.27099999999999985 -0.27099999999999985 -0.19810000000000008 -0.19810000000000008 -0.27099999999999985 -1000.0 
-1000.0 -1000.0 -0.19810000000000008 -0.27099999999999985 -0.19809999999999994 -0.19810000000000008 -0.19810000000000008 -1000.0 
-1000.0 -1000.0 -0.19000000000000003 -1000.0 -0.10900000000000012 -0.19000000000000003 -0.1899999999999999 -1000.0 
-1000.0 -1000.0 -0.1899999999999999 -0.19000000000000003 -0.10900000000000007 -0.1899999999999999 -0.19000000000000003 -1000.0 
-1000.0 -1000.0 -0.1899999999999999 -0.1899999999999999 -0.10900000000000007 -0.1899999999999999 -0.19000000000000003 -1000.0 
-1000.0 -1000.0 -0.1899999999999999 -0.1899999999999999 -0.1899999999999999 -0.1899999999999999 -0.19000000000000003 -1000.0 
-1000.0 -1000.0 -0.1899999999999999 -0.1899999999999999 -0.1899999999999999 -0.1899999999999999 -0.1899999999999999 -1000.0 
-1000.0 -1000.0 -0.10899990972173004 -1000.0 -0.10900000691423778 -0.010000000000205157 -0.10899551767474999 -1000.0 
-1000.0 -1000.0 -0.32626680072950853 -0.10773662398082001 -0.34411672375703894 -0.18010429912513246 -0.25750561990584997 -1000.0 
-1000.0 -1000.0 -0.345619670316584 -0.3442323631158126 -0.3459134008922141 -0.1977287112348643 -0.1977155181695701 -1000.0 
-1000.0 -1000.0 -0.27880808937710055 -0.34411059134427624 -0.2789162685281389 -0.10888761656096768 -0.10889599533282482 -1000.0 
-1000.0 -1000.0 -0.19398850951565497 -0.25992293494880847 -0.24181592955048123 -0.11501368134281612 -0.10897005985368143 -1000.0 
-1.0 -1.0 -1.0 -1.0 -1.0 -1.0 -1.0 -1.0 
-1000.0 -0.1981000000000002 -1000.0 -1000.0 -1000.0 -1000.0 -1000.0 -1000.0 
-1000.0 -0.10900000000000004 -1000.0 -1000.0 -1000.0 -1000.0 -1000.0 -1000.0 
-1000.0 -0.009999999999999955 -1000.0 -1000.0 -1000.0 -1000.0 -1000.0 -1000.0 
-1000.0 0.10000000000000006 -1000.0 -1000.0 -1000.0 -1000.0 -1000.0 -1000.0 
-0.4730223053307747 -1000.0 -1000.0 -1000.0 -1000.0 -1000.0 -1000.0 -1000.0 
-0.96181628794292 -0.8683911911916595 -1000.0 -1000.0 -1000.0 -1000.0 -1000.0 -1000.0 
0.08860932563390571 -1.2505220677035702 -1000.0 -1000.0 -1000.0 -1000.0 -1000.0 -1000.0 
-0.9117285335866366 -0.1456008150784103 -1000.0 -1000.0 -1000.0 -1000.0 -1000.0 -1000.0 
-0.34622722976089254 -0.475744194510387 -1000.0 -1000.0 -1000.0 -1000.0 -1000.0 -1000.0 
-0.19810000000000008 -1000.0 -1000.0 -1000.0 -1000.0 -1000.0 -1000.0 -1000.0 
-0.10900000000000007 -0.10900000000000007 -1000.0 -1000.0 -1000.0 -1000.0 -1000.0 -1000.0 
-0.19810000000000008 -0.1899999999999999 -1000.0 -1000.0 -1000.0 -1000.0 -1000.0 -1000.0 
-0.27099999999999985 -0.1899999999999999 -1000.0 -1000.0 -1000.0 -1000.0 -1000.0 -1000.0 
-0.19809999999999994 -0.009999999999999955 -1000.0 -1000.0 -1000.0 -1000.0 -1000.0 -1000.0 
-0.09999999999999995 -1000.0 -1000.0 -1000.0 -1000.0 -1000.0 -1000.0 -1000.0 
-0.09999999999999995 -0.19810000000000008 -1000.0 -1000.0 -1000.0 -1000.0 -1000.0 -1000.0 
-0.09999999999999995 -0.27099999999999985 -1000.0 -1000.0 -1000.0 -1000.0 -1000.0 -1000.0 
-0.09999999999999995 -0.19809999999999994 -1000.0 -1000.0 -1000.0 -1000.0 -1000.0 -1000.0 
-0.09999999999999995 -0.19810000000000008 -1000.0 -1000.0 -1000.0 -1000.0 -1000.0 -1000.0 
0.10000000000000006 -1000.0 -1000.0 -1000.0 -1000.0 -1000.0 -1000.0 -1000.0 
-0.2782900000000003 -0.09999999999999995 -1000.0 -1000.0 -1000.0 -1000.0 -1000.0 -1000.0 
-0.19810000000000008 -0.09999999999999995 -1000.0 -1000.0 -1000.0 -1000.0 -1000.0 -1000.0 
-0.10899999999999993 -0.09999999999999995 -1000.0 -1000.0 -1000.0 -1000.0 -1000.0 -1000.0 
-0.009999999999999962 -0.09999999999999995 -1000.0 -1000.0 -1000.0 -1000.0 -1000.0 -1000.0 
-1.0 -1.0 -1.0 -1.0 -1.0 -1.0 -1.0 -1.0 
-1000.0 -0.19809999999999994 -1000.0 -0.19809999999999994 -0.10900000000000007 -1000.0 -1000.0 -1000.0 
-1000.0 -0.10899999999999993 -1000.0 -0.10899999999999993 -0.19809999999999994 -1000.0 -1000.0 -1000.0 
-1000.0 -0.009999999999999955 -1000.0 -0.009999999999999955 -0.010000000000000057 -1000.0 -1000.0 -1000.0 
-1000.0 0.09999999999999995 -1000.0 0.10000000000000006 -0.10899999999999993 -1000.0 -1000.0 -1000.0 
0.4173005282315664 -1000.0 -0.4253320949231491 -1000.0 0.8158126222231317 -1000.0 -1000.0 -1000.0 
-0.19809999999999994 -0.19809999999999994 -0.19809999999999994 -0.19809999999999994 -0.27099999999999985 -1000.0 -1000.0 -1000.0 
-1.7477940883182177 -0.04423905757057427 -0.4167758789923495 -0.29709315507455597 -0.5932167046075421 -1000.0 -1000.0 -1000.0 
-0.722734742861197 0.06036601829571583 -0.3719432814282122 1.5309357529423597 -0.3245890791577159 -1000.0 -1000.0 -1000.0 
1.0163692116752745 1.1077926668158913 -1.4537712345322011 0.7255381084791155 0.8366028038251816 -1000.0 -1000.0 -1000.0 
-0.10899999999999993 -1000.0 -0.01000000000000005 -1000.0 -0.10900000000000007 -1000.0 -1000.0 -1000.0 
-0.10899999999999993 -0.10899999999999993 -0.19809999999999994 -0.10899999999999993 -0.19000000000000003 -1000.0 -1000.0 -1000.0 
-0.19000000000000003 -0.19809999999999994 -0.10899999999999993 -0.19809999999999994 -0.19000000000000003 -1000.0 -1000.0 -1000.0 
-0.19000000000000003 -0.10900000000000007 -0.19809999999999994 -0.10900000000000007 -0.19000000000000003 -1000.0 -1000.0 -1000.0 
-0.10899999999999993 -0.01000000000000005 -0.10900000000000007 -0.01000000000000005 -0.1899999999999999 -1000.0 -1000.0 -1000.0 
-0.19000000000000003 -1000.0 -0.10899999999999993 -1000.0 -0.09999999999999995 -1000.0 -1000.0 -1000.0 
-0.19000000000000014 -0.19000000000000003 -0.10899999999999993 -0.19000000000000003 -0.10000000000000006 -1000.0 -1000.0 -1000.0 
-0.19000000000000003 -0.19000000000000003 -0.19000000000000003 -0.19000000000000003 -0.10000000000000006 -1000.0 -1000.0 -1000.0 
-0.1899999999999999 -0.10899999999999993 -0.19000000000000003 -0.10899999999999993 -0.10000000000000006 -1000.0 -1000.0 -1000.0 
-0.1900000000000001 -0.10899999999999993 -0.10899999999999993 -0.10899999999999993 -0.09999999999999995 -1000.0 -1000.0 -1000.0 
0.10000000000000006 -1000.0 -0.19000000000000014 -1000.0 -0.009999999999999955 -1000.0 -1000.0 -1000.0 
-0.19810000000000008 -0.19000000000000014 -0.19000000000000014 -0.19000000000000014 -0.1899999999999999 -1000.0 -1000.0 -1000.0 
-0.19809999999999994 -0.1899999999999999 -0.19000000000000003 -0.1900000000000001 -0.1899999999999999 -1000.0 -1000.0 -1000.0 
-0.10899999999999993 -0.1899999999999999 -0.1900000000000001 -0.1899999999999999 -0.1900000000000001 -1000.0 -1000.0 -1000.0 
-0.009999999999999955 -0.19000000000000014 -0.1900000000000001 -0.19000000000000014 -0.10900000000000006 -1000.0 -1000.0 -1000.0 
-1.0 -1.0 -1.0 -1.0 -1.0 -1.0 -1.0 -1.0 
-1000.0 -0.10899999999999993 -1000.0 -0.009999999999999955 -1000.0 -0.19809999999999994 -1000.0 -1000.0 
-1000.0 -0.009999999999999955 -1000.0 -0.009999999999999955 -1000.0 -0.010000000000000057 -1000.0 -1000.0 
-1000.0 -0.009999999999999955 -1000.0 0.10000000000000006 -1000.0 -0.10899999999999993 -1000.0 -1000.0 
-1000.0 0.10000000000000006 -1000.0 -0.10899999999999993 -1000.0 -0.10899999999999993 -1000.0 -1000.0 
0.11876859224372427 -1000.0 -0.08292869872214312 -1000.0 -1000.0 0.6599066930599107 -1000.0 -1000.0 
-0.19275991279189217 1.5418103076132095 -0.6262371134268131 0.4897163065713516 -1000.0 0.1244246772666367 -1000.0 -1000.0 
-1.3390027375015896 -1.6008659917331884 0.5409030741287973 -0.5767825130177949 -1000.0 -1.1828701173083818 -1000.0 -1000.0 
1.0339691329802425 -0.5905999043768198 0.6249239956358253 1.0848000705116727 -1000.0 -0.959124342487131 -1000.0 -1000.0 
-2.445440297141794 -0.024761613784508904 -0.10997877361115335 -0.27561829369998825 -1000.0 2.221574739342296 -1000.0 -1000.0 
-0.10899999999999993 -1000.0 -0.01000000000000005 -1000.0 -1000.0 -0.09999999999999995 -1000.0 -1000.0 
-0.10899999999999993 -0.10899999999999993 -0.19000000000000003 -0.10899999999999993 -1000.0 -0.10000000000000006 -1000.0 -1000.0 
-0.27099999999999985 -0.10899999999999993 -0.10899999999999993 -0.1899999999999999 -1000.0 -0.09999999999999995 -1000.0 -1000.0 
-0.10899999999999993 -0.1899999999999999 -0.10899999999999993 -0.01000000000000005 -1000.0 -0.09999999999999995 -1000.0 -1000.0 
-0.19810000000000008 -0.01000000000000005 -0.1899999999999999 -0.19000000000000003 -1000.0 -0.10000000000000006 -1000.0 -1000.0 
-0.271 -1000.0 -0.10899999999999993 -1000.0 -1000.0 -0.1899999999999999 -1000.0 -1000.0 
-0.27099999999999985 -0.27099999999999985 -0.10899999999999993 -0.10899999999999993 -1000.0 -0.1899999999999999 -1000.0 -1000.0 
-0.27099999999999985 -0.10899999999999993 -0.27099999999999985 -0.19810000000000008 -1000.0 -0.1899999999999999 -1000.0 -1000.0 
-0.27099999999999985 -0.19810000000000008 -0.10899999999999993 -0.10899999999999993 -1000.0 -0.1899999999999999 -1000.0 -1000.0 
-0.2710000000000001 -0.10899999999999993 -0.19810000000000008 -0.10899999999999993 -1000.0 -0.1899999999999999 -1000.0 -1000.0 
0.10000000000000006 -1000.0 -0.271 -1000.0 -1000.0 -0.271 -1000.0 -1000.0 
-0.10899999999999993 -0.27099999999999985 -0.27099999999999985 -0.27099999999999985 -1000.0 -0.27099999999999985 -1000.0 -1000.0 
-0.10899999999999993 -0.27099999999999985 -0.2710000000000001 -0.27099999999999985 -1000.0 -0.19809999999999994 -1000.0 -1000.0 
-0.009999999999999955 -0.27099999999999985 -0.27099999999999985 -0.271 -1000.0 -0.10899999999999993 -1000.0 -1000.0 
-0.009999999999999955 -0.271 -0.27099999999999985 -0.27099999999999985 -1000.0 -0.27099999999999985 -1000.0 -1000.0 
-1.0 -1.0 -1.0 -1.0 -1.0 -1.0 -1.0 -1.0 
-1000.0 -0.009999999999999955 -1000.0 -0.009999999999999955 -0.10899999999999993 -1000.0 -0.009999999999999955 -1000.0 
-1000.0 -0.10899999999999993 -1000.0 0.10000000000000006 -0.10899999999999993 -1000.0 -0.10899999999999993 -1000.0 
-1000.0 -0.009999999999999955 -1000.0 -0.10899999999999993 -0.009999999999999955 -1000.0 -0.10899999999999993 -1000.0 
-1000.0 0.10000000000000006 -1000.0 -0.009999999999999955 -0.10900000000000007 -1000.0 -0.10899999999999993 -1000.0 
-0.008508976390709761 -1000.0 1.8237926859804316 -1000.0 -0.032046659607014714 -1000.0 -0.5623734284402753 -1000.0 
0.5277403682626745 0.8623209571164843 0.01982861945753707 0.13046416890646775 -1.933619925701177 -1000.0 0.2159588063647808 -1000.0 
-0.5663432686685071 1.2436640694519092 -1.1288142165693773 -0.8327115466017855 0.8920323537906771 -1000.0 1.447230686190285 -1000.0 
0.8576953228679789 0.27187921039020385 -1.8427109748961235 0.48588993708688816 0.9012591055874551 -1000.0 -2.212774878184697 -1000.0 
-1.0443853424974727 -0.14962425113999822 -1.9145905820458196 -0.27580768303262976 0.5669492048028605 -1000.0 -0.1602128291679698 -1000.0 
-0.10900000000000007 -1000.0 -0.01000000000000005 -1000.0 -0.10899999999999993 -1000.0 -0.2782900000000001 -1000.0 
-0.10900000000000007 -0.10899999999999993 -0.19809999999999994 -0.19809999999999994 -0.19810000000000008 -1000.0 -0.19810000000000008 -1000.0 
-0.10900000000000007 -0.19810000000000008 -0.10899999999999993 -0.01000000000000005 -0.19810000000000008 -1000.0 -0.27099999999999985 -1000.0 
-0.1899999999999999 -0.19809999999999994 -0.19810000000000008 -0.19809999999999994 -0.19810000000000008 -1000.0 -0.27099999999999985 -1000.0 
-0.1899999999999999 -0.01000000000000005 -0.19809999999999994 -0.10899999999999993 -0.19810000000000008 -1000.0 -0.10899999999999993 -1000.0 
-0.10899999999999993 -1000.0 -0.10900000000000007 -1000.0 -0.19000000000000003 -1000.0 -0.01000000000000005 -1000.0 
-0.34389999999999976 -0.10900000000000007 -0.10900000000000007 -0.1899999999999999 -0.1899999999999999 -1000.0 -0.1899999999999999 -1000.0 
-0.3438999999999991 -0.18999999999726197 -0.10900000000000007 -0.10900000000000007 -0.18999999999997924 -1000.0 -0.18999999999995965 -1000.0 
-0.2782899999999998 -0.1899999999999999 -0.1899999999999999 -0.10900000000000007 -0.1899999999999999 -1000.0 -0.10900000000000007 -1000.0 
-0.19810000000000008 -0.10900000000000007 -0.18999999999999823 -0.10900000000000007 -0.1899999999995789 -1000.0 -0.18999999999999878 -1000.0 
0.10000000000000006 -1000.0 -0.10899999999999993 -1000.0 -0.009999999999999955 -1000.0 -0.10899999999999993 -1000.0 
-0.10899999999999993 -0.34389999999999976 -0.34389999999999976 -0.1981000000000002 -0.19809999999999994 -1000.0 -0.19000000000000003 -1000.0 
-0.009999999999999955 -0.2782899999999998 -0.34389999999999976 -0.10899999999999993 -0.19809999999999994 -1000.0 -0.1899999999999999 -1000.0 
-0.10899999999999993 -0.1981000000000002 -0.2782899999999998 -0.34389999999999976 -0.10899999999999993 -1000.0 -0.1899999999999999 -1000.0 
-0.009999999999999955 -0.10899999999999993 -0.1981000000000002 -0.34389999999999976 -0.10899999999999993 -1000.0 -0.19000000000000003 -1000.0 
-1.0 -1.0 -1.0 -1.0 -1.0 -1.0 -1.0 -1.0 
-1000.0 -0.10899999999999993 -1000.0 0.10000000000000006 -0.10899999999999993 -0.10899999999999993 -1000.0 -0.10000000000000006 
-1000.0 -0.10899999999999993 -1000.0 -0.009999999999999955 -0.01000000000000005 -0.009999999999999955 -1000.0 -0.09999999999999995 
-1000.0 -0.01000000000000005 -1000.0 -0.10899999999999993 -0.009999999999999955 -0.009999999999999955 -1000.0 -0.09999999999999995 
-1000.0 0.09999999999999995 -1000.0 -0.10899999999999993 -0.10899999999999993 -0.10899999999999993 -1000.0 -0.10000000000000006 
-0.7957623292736492 -1000.0 -0.49477863663803745 -1000.0 -0.40065903458451757 -0.7728827947098006 -1000.0 -1.8751429197393816 
0.8976258501039456 -1.814695674436685 1.1430332376843542 -0.9800356796593104 -0.09818587063119845 1.2977656304496192 -1000.0 1.022622326482384 
0.5843578536270276 -1.6483842122917445 2.3330913883311393 0.6644641499668511 0.5105227699090964 -0.08719463568509243 -1000.0 -2.154763990910177 
0.5602943045482421 -0.041728999688492925 -0.7278936143234684 -0.8497857318116311 -0.9791091636054219 -0.3660167376231228 -1000.0 -0.8078537576953434 
0.7644500437287668 -0.016363170418381607 0.2739472848720066 1.3937952450917688 0.6562481842925108 1.0695335503372254 -1000.0 -0.7511061361186033 
-0.05962856129174589 -1000.0 0.5675635139477685 -1000.0 1.7409104327895082 1.4274316906753461 -1000.0 -0.20852273376063596 
0.4751074546859341 -0.02452332296469279 -0.6771886214794082 1.867529885328965 -2.276221270134226 -0.5130788656174036 -1000.0 1.162851266500031 
0.09355093885827559 -0.03456737815554609 1.7755524112800225 -0.5965022053495681 -0.1404336640282151 -0.11618665079492109 -1000.0 -1.2315496007166866 
2.374126782217971 -1.4649773738042808 -0.992841234446428 0.23523143340250893 0.43142293394253417 0.8305495604998068 -1000.0 -1.0042770110709573 
0.2343159376074938 1.4138463743380656 -0.5216817822916121 0.35998850344403277 -0.8678778190086804 -0.4631623907774968 -1000.0 -0.5667174971800804 
-0.3804850765569708 -1000.0 -0.7908757853561696 -1000.0 0.4902062105743547 0.23074162378347585 -1000.0 0.4469950250834185 
0.6185758117190768 -0.8876371608987451 -0.15510374371588906 -0.8395943649847368 0.7519504949720706 0.536483765639036 -1000.0 -0.22365998064010037 
0.8205354658742179 -1.6106180570830753 -1.14696734853879 -0.5240981928810042 -0.31544659586369295 1.8940439972333143 -1000.0 0.45740172813105795 
-1.2212192380806703 -1.6240080377950306 -1.8089337066776052 0.7798208140475205 -1.0823184623118522 0.3852748532328959 -1000.0 0.941461793485371 
-0.2564422346870501 0.5950983020931119 -1.6022447883468016 -0.3737200132679453 -0.3174111559893507 1.1597931712925935 -1000.0 0.3505117917010141 
0.09999999999999995 -1000.0 -0.10900000000066869 -1000.0 -0.009999999999999955 -0.10899999999999993 -1000.0 -0.10000000000000006 
-0.009999999999999946 -0.27752370457433473 -0.19577624849284314 -0.10900602422534464 -0.19808162805118082 -0.1980988928955696 -1000.0 -0.10000710986821812 
-0.10904041952688978 -0.19475689345023792 -0.24769863250007768 -0.16928753941561525 -0.10701711553241633 -0.19732661564674167 -1000.0 -0.0999999078352572 
-0.10900000987005792 -0.19794699882896155 -0.19775819269974287 -0.2716905181026522 -0.1980414993029449 -0.10896782368304225 -1000.0 -0.10000000000000006 
-0.010000000003767676 -0.11013186450537002 -0.19742589697296165 -0.19727322593657945 -0.10868083427174419 -0.19780999943062716 -1000.0 -0.1000005248418224 
-1.0 -1.0 -1.0 -1.0 -1.0 -1.0 -1.0 -1.0 
-1000.0 -0.010000000000000057 -1000.0 -1000.0 -0.19810000000000008 -1000.0 -1000.0 -1000.0 
-1000.0 -0.10899999999999993 -1000.0 -1000.0 -0.19809999999999994 -1000.0 -1000.0 -1000.0 
-1000.0 0.09999999999999995 -1000.0 -1000.0 -0.10899999999999993 -1000.0 -1000.0 -1000.0 
-1000.0 -0.10900000000000007 -1000.0 -1000.0 -0.009999999999999955 -1000.0 -1000.0 -1000.0 
-0.09999999999999995 -1000.0 -1000.0 -1000.0 -0.19809999999999994 -1000.0 -1000.0 -1000.0 
-0.09999999999999995 -0.19809999999999994 -1000.0 -1000.0 -0.19809999999999994 -1000.0 -1000.0 -1000.0 
-0.09999999999999995 -0.19809999999999994 -1000.0 -1000.0 -0.19809999999999994 -1000.0 -1000.0 -1000.0 
-0.09999999999999995 -0.19809999999999994 -1000.0 -1000.0 -0.19809999999999994 -1000.0 -1000.0 -1000.0 
-0.09999999999999995 -0.27099999999999985 -1000.0 -1000.0 -0.19809999999999994 -1000.0 -1000.0 -1000.0 
0.36821682755350077 -1000.0 -1000.0 -1000.0 0.10025986523269839 -1000.0 -1000.0 -1000.0 
0.172120046053715 -1.3855216702015962 -1000.0 -1000.0 -0.7330866947389676 -1000.0 -1000.0 -1000.0 
0.27857218927327004 -1.2673067205499529 -1000.0 -1000.0 0.5943497247033978 -1000.0 -1000.0 -1000.0 
0.15223950767543828 -0.6610431002741857 -1000.0 -1000.0 -0.10601262614352334 -1000.0 -1000.0 -1000.0 
-0.5834208949954109 0.5496316883596315 -1000.0 -1000.0 -0.8174964940138281 -1000.0 -1000.0 -1000.0 
0.09999999999999995 -1000.0 -1000.0 -1000.0 -0.10899999999999993 -1000.0 -1000.0 -1000.0 
-0.10900000000000012 -0.09999999999999995 -1000.0 -1000.0 -0.10899999999999993 -1000.0 -1000.0 -1000.0 
-0.19809999999999994 -0.09999999999999995 -1000.0 -1000.0 -0.19000000000000003 -1000.0 -1000.0 -1000.0 
-0.010000000000000057 -0.10000000000000006 -1000.0 -1000.0 -0.19000000000000003 -1000.0 -1000.0 -1000.0 
-0.10899999999999893 -0.09999999999999995 -1000.0 -1000.0 -0.10899999999863913 -1000.0 -1000.0 -1000.0 
-0.19809999999999994 -1000.0 -1000.0 -1000.0 -0.19000000000000014 -1000.0 -1000.0 -1000.0 
-0.27099999999999985 -0.1899999999999999 -1000.0 -1000.0 -0.19000000000000014 -1000.0 -1000.0 -1000.0 
-0.10899999999999993 -0.10900000000000006 -1000.0 -1000.0 -0.19000000000000014 -1000.0 -1000.0 -1000.0 
-0.19809999999999994 -0.009999999999999955 -1000.0 -1000.0 -0.1899999999999999 -1000.0 -1000.0 -1000.0 
-0.19809999999999994 -0.1899999999999999 -1000.0 -1000.0 -0.1900000000000001 -1000.0 -1000.0 -1000.0 
-1.0 -1.0 -1.0 -1.0 -1.0 -1.0 -1.0 -1.0 
-1000.0 -0.01000000000000005 -1000.0 -0.10900000000000007 -1000.0 -0.010000000000000057 -1000.0 -1000.0 
-1000.0 -0.01000000000000005 -1000.0 -0.01000000000000005 -1000.0 -0.09999999999999995 -1000.0 -1000.0 
-1000.0 0.09999999999999995 -1000.0 -0.01000000000000005 -1000.0 -0.1899999999999999 -1000.0 -1000.0 
-1000.0 -0.10900000000000007 -1000.0 0.09999999999999995 -1000.0 -0.10899999999999993 -1000.0 -1000.0 
-0.2782900000000003 -1000.0 -0.10899999999999993 -1000.0 -1000.0 -0.10899999999999993 -1000.0 -1000.0 
-0.2782900000000001 -0.1899999999999999 -0.19000000000000003 -0.10899999999999993 -1000.0 -0.1899999999999999 -1000.0 -1000.0 
-0.2782900000000001 -0.10899999999999993 -0.10899999999999993 -0.1899999999999999 -1000.0 -0.1899999999999999 -1000.0 -1000.0 
-0.34389999999999976 -0.10899999999999993 -0.1899999999999999 -0.10899999999999993 -1000.0 -0.1899999999999999 -1000.0 -1000.0 
-0.2782900000000001 -0.19000000000000003 -0.10899999999999993 -0.10899999999999993 -1000.0 -0.1899999999999999 -1000.0 -1000.0 
-1.0780619888456373 -1000.0 0.5112215102680269 -1000.0 -1000.0 1.1990898585714855 -1000.0 -1000.0 
0.3698488885897786 0.2117562134065692 -0.051254331799619746 0.27562020414704586 -1000.0 -0.4915107530469511 -1000.0 -1000.0 
-1.9666382971078844 -1.0212083673271246 -0.1586694757628636 0.6405967466221396 -1000.0 -0.3898637559067598 -1000.0 -1000.0 
0.7586986644269124 -0.4675011708823833 -0.08177644485599508 0.27164267273646076 -1000.0 -0.571070448578153 -1000.0 -1000.0 
-0.47612383141875253 1.0384617497626054 1.325220346722408 -0.08338310922645988 -1000.0 0.13531658086206463 -1000.0 -1000.0 
0.10000000000000006 -1000.0 -0.2782900000000003 -1000.0 -1000.0 -0.2782900000000003 -1000.0 -1000.0 
-0.10900000000000007 -0.34389999999999976 -0.2782900000000001 -0.2782900000000001 -1000.0 -0.2782900000000001 -1000.0 -1000.0 
-0.10900000000000007 -0.2782900000000001 -0.2782900000000001 -0.34389999999999976 -1000.0 -0.2782900000000001 -1000.0 -1000.0 
-0.01000000000000005 -0.2782900000000001 -0.34389999999999976 -0.2782900000000001 -1000.0 -0.34389999999999976 -1000.0 -1000.0 
-0.01000000000000005 -0.2782900000000001 -0.2782900000000001 -0.2782900000000001 -1000.0 -0.2782900000000001 -1000.0 -1000.0 
-0.10899999999999993 -1000.0 -0.009999999999999955 -1000.0 -1000.0 -0.271 -1000.0 -1000.0 
-0.19000000000000003 -0.19809999999999994 -0.27099999999999985 -0.27099999999999985 -1000.0 -0.27099999999999985 -1000.0 -1000.0 
-0.10899999999999993 -0.10899999999999993 -0.27099999999999985 -0.19809999999999994 -1000.0 -0.27099999999999985 -1000.0 -1000.0 
-0.1899999999999999 -0.009999999999999955 -0.19809999999999994 -0.10899999999999993 -1000.0 -0.27099999999999985 -1000.0 -1000.0 
-0.10899999999999993 -0.27099999999999985 -0.10899999999999993 -0.009999999999999962 -1000.0 -0.27099999999999985 -1000.0 -1000.0 
-1.0 -1.0 -1.0 -1.0 -1.0 -1.0 -1.0 -1.0 
-1000.0 -0.009999999999999955 -1000.0 -0.009999999999999955 -0.10899999999999993 -0.009999999999999955 -1000.0 -1000.0 
-1000.0 -0.10900000000000007 -1000.0 -0.10900000000000007 -0.009999999999999955 -0.10899999999999993 -1000.0 -1000.0 
-1000.0 0.10000000000000006 -1000.0 0.10000000000000006 -0.10899999999999993 -0.10899999999999993 -1000.0 -1000.0 
-1000.0 -0.10899999999999993 -1000.0 -0.10899999999999993 -0.01000000000000005 -0.10899999999999993 -1000.0 -1000.0 
-0.19000000000000003 -1000.0 -0.10900000000000007 -1000.0 -0.009999999999999955 -0.09999999999999995 -1000.0 -1000.0 
-0.1899999999999999 -0.10900000000000007 -0.19000000000000003 -0.10900000000000007 -0.10900000000000007 -0.10000000000000006 -1000.0 -1000.0 
-0.1899999999999999 -0.1899999999999999 -0.10900000000000007 -0.1899999999999999 -0.1899999999999999 -0.10000000000000006 -1000.0 -1000.0 
-0.1899999999999999 -0.10900000000000007 -0.10900000000000007 -0.10900000000000007 -0.1899999999999999 -0.10000000000000006 -1000.0 -1000.0 
-0.1899999999999999 -0.19000000000000003 -0.1899999999999999 -0.19000000000000003 -0.10899999999999993 -0.10000000000000006 -1000.0 -1000.0 
-0.39372848278474254 -1000.0 -0.07367303844326925 -1000.0 -0.006333740095909032 0.7343481598997791 -1000.0 -1000.0 
0.09326644281381323 1.0392153698349929 0.9136964091448248 -1.1349149315776164 -1.361193427236687 -0.015473865399574167 -1000.0 -1000.0 
-1.0382477453885466 0.40755415229531183 0.15628258309068305 -0.3003912839036723 1.5470023081677255 -0.7901953188079152 -1000.0 -1000.0 
-0.9702068721661815 -0.32404132197913865 -1.30971191963087 1.6315465108370897 0.001023459727161837 -0.13945956408535348 -1000.0 -1000.0 
-0.9392358292520587 0.6797173219016092 0.802217268578776 0.5635223311725521 -0.87526848418572 -0.5538064277048094 -1000.0 -1000.0 
0.10000000000000006 -1000.0 -0.19000000000000003 -1000.0 -0.1899999999999999 -0.01000000000000005 -1000.0 -1000.0 
-0.10899999999999993 -0.1899999999999999 -0.1899999999999999 -0.1899999999999999 -0.19000000000000003 -0.1899999999999999 -1000.0 -1000.0 
-0.10899999999999993 -0.1899999999999999 -0.1899999999999999 -0.1899999999999999 -0.19000000000000003 -0.1899999999999999 -1000.0 -1000.0 
-0.009999999999999962 -0.19000000000000003 -0.1899999999999999 -0.19000000000000003 -0.19000000000000003 -0.10900000000000007 -1000.0 -1000.0 
-0.10900000000000007 -0.1899999999999999 -0.1899999999999999 -0.1899999999999999 -0.1899999999999999 -0.1899999999999999 -1000.0 -1000.0 
-0.10900000000000007 -1000.0 -0.009999999999999955 -1000.0 -0.10899999999999993 -0.10899999999999993 -1000.0 -1000.0 
-0.19000000000000003 -0.10899999999999993 -0.19809999999999994 -0.10899999999999993 -0.271 -0.19000000000000003 -1000.0 -1000.0 
-0.10900000000000007 -0.10899999999999993 -0.19809999999999994 -0.10899999999999993 -0.19809999999999994 -0.1899999999999999 -1000.0 -1000.0 
-0.10900000000000007 -0.009999999999999955 -0.10899999999999993 -0.009999999999999955 -0.10899999999999993 -0.1899999999999999 -1000.0 -1000.0 
-0.1899999999999999 -0.19809999999999994 -0.10899999999999993 -0.19809999999999994 -0.109 -0.19000000000000003 -1000.0 -1000.0 
-1.0 -1.0 -1.0 -1.0 -1.0 -1.0 -1.0 -1.0 
-1000.0 -0.009999999999999955 -1000.0 -0.10899999999999993 -1000.0 -0.01000000000000005 -0.09999999999999995 -1000.0 
-1000.0 -0.10899999999999993 -1000.0 0.09999999999999995 -1000.0 -0.10899999999999993 -0.09999999999999995 -1000.0 
-1000.0 0.10000000000000006 -1000.0 -0.10899999999999993 -1000.0 -0.10899999999999993 -0.09999999999999995 -1000.0 
-1000.0 -0.10899999999999993 -1000.0 -0.01000000000000005 -1000.0 -0.009999999999999955 -0.09999999999999995 -1000.0 
-0.19809999999999994 -1000.0 -0.10900000000000007 -1000.0 -1000.0 -0.3504609999999997 -0.09999999999999995 -1000.0 
-0.19809999999999994 -0.19809999999999994 -0.19809999999999994 -0.19810000000000008 -1000.0 -0.3504609999999997 -0.09999999999999995 -1000.0 
-0.34389999999999976 -0.19810000000000008 -0.10900000000000007 -0.10900000000000007 -1000.0 -0.3504609999999997 -0.09999999999999995 -1000.0 
-0.19809999999999994 -0.10900000000000007 -0.19809999999999994 -0.19809999999999994 -1000.0 -0.3504609999999997 -0.09999999999999995 -1000.0 
-0.2782900000000001 -0.19809999999999994 -0.19810000000000008 -0.10900000000000007 -1000.0 -0.3504609999999997 -0.10000000000000006 -1000.0 
-0.38785830063093524 -1000.0 1.1677774756180839 -1000.0 -1000.0 -0.6106382301819037 -0.4068311818534955 -1000.0 
-0.3834394077379746 0.5185338782297819 -0.37114109778128906 1.4369895008010756 -1000.0 0.8463019496348484 -0.1716180533857925 -1000.0 
-0.21230815196029001 -0.1669113629358294 0.5020539395039475 0.1526315697739565 -1000.0 -0.5374529035191686 -0.1592806825775029 -1000.0 
0.3535254274850428 0.8179228811112631 -0.9578138366444875 1.1901867664333363 -1000.0 0.7328591061970916 -0.20448689874091217 -1000.0 
-0.5049461522816919 -0.10410876680020893 -0.24083593137742706 -1.2812002185811069 -1000.0 0.3172357831646527 0.2783866915433261 -1000.0 
0.09999999999999995 -1000.0 -0.19809999999999994 -1000.0 -1000.0 -0.009999999999999955 -0.09999999999999995 -1000.0 
-0.10899999999999993 -0.19809999999999994 -0.19809999999999994 -0.2782900000000001 -1000.0 -0.19810000000000008 -0.10000000000000006 -1000.0 
-0.01000000000000005 -0.2782900000000001 -0.34389999999999976 -0.19809999999999994 -1000.0 -0.19810000000000008 -0.09999999999999995 -1000.0 
-0.009999999999999955 -0.19809999999999994 -0.19809999999999994 -0.19809999999999994 -1000.0 -0.10900000000000007 -0.09999999999999995 -1000.0 
-0.10899999999999993 -0.19809999999999994 -0.2782900000000001 -0.34389999999999976 -1000.0 -0.10900000000000007 -0.09999999999999995 -1000.0 
-0.10900000000000007 -1000.0 -0.009999999999999955 -1000.0 -1000.0 -0.10899999999999993 -0.10000000000000006 -1000.0 
-0.19809999999999994 -0.19809999999999994 -0.19809999999999994 -0.10899999999999993 -1000.0 -0.19809999999999983 -0.10000000000000006 -1000.0 
-0.10900000000000007 -0.10899999999999993 -0.10899999999999993 -0.009999999999999955 -1000.0 -0.19809999999999994 -0.09999999999999995 -1000.0 
-0.19809999999999994 -0.009999999999999955 -0.19809999999999994 -0.19809999999999994 -1000.0 -0.19809999999999994 -0.10000000000000006 -1000.0 
-0.19810000000000008 -0.19809999999999994 -0.10899999999999993 -0.10899999999999993 -1000.0 -0.19809999999999917 -0.10000000000000006 -1000.0 
-1.0 -1.0 -1.0 -1.0 -1.0 -1.0 -1.0 -1.0 
-1000.0 0.704679239430291 -1000.0 1.230221611830412 -1.785252845229543 -1000.0 -0.6611905769411277 -0.17877091238973605 
-1000.0 -0.3660438345892371 -1000.0 0.4248822069857287 -1.6473767214729735 -1000.0 0.3338012597683539 0.6813913725085295 
-1000.0 -0.018463049403424702 -1000.0 0.2873163876274637 1.066469778791037 -1000.0 -0.4583832071997831 0.080779665300316 
-1000.0 -1.0886508209334846 -1000.0 1.0584484514530552 -0.18314219936554668 -1000.0 -1.3480983851608381 -1.1566858735698076 
-0.1981000000000002 -1000.0 -0.10899999999999993 -1000.0 -0.01000000000000005 -1000.0 -0.2782899999999998 -0.1899999999999999 
-0.19810000000000008 -0.19809999999999994 -0.10899999999999993 -0.10899999999999993 -0.10899999999999993 -1000.0 -0.2782899999999998 -0.1899999999999999 
-0.19810000000000008 -0.27099999999999985 -0.10899999999999993 -0.10899999999999993 -0.10900000000000007 -1000.0 -0.2782899999999998 -0.1899999999999999 
-0.27099999999999985 -0.10899999999999993 -0.19809999999999994 -0.10899999999999993 -0.19809999999999994 -1000.0 -0.2782899999999998 -0.1899999999999999 
-0.27099999999999985 -0.10899999999999993 -0.27099999999999985 -0.19809999999999994 -0.19809999999999994 -1000.0 -0.2782899999999998 -0.1899999999999999 
0.20374240923254688 -1000.0 -0.3147620384190495 -1000.0 2.153090941032871 -1000.0 0.04872448832876193 -0.17579646070189706 
-0.9904547133325912 0.9557929099681344 -0.5609687914468268 0.5644016987668875 0.08545447948592416 -1000.0 -0.8191855063769304 1.705793532266284 
-1.1040341978174188 -0.19981239691296482 -1.2986419135843354 0.778458245783711 0.7455460538519073 -1000.0 0.041539629060937326 -0.6045864551911421 
-0.2198389070248078 1.3690727367159428 -0.5703315795881588 -1.7425281221222617 -0.6829592583574619 -1000.0 1.0653509050984025 -0.6029165297412357 
0.0748347421321454 -0.5724797878591822 1.784918094831219 -0.7661145100124879 -1.6286901307830024 -1000.0 -1.354295791644804 0.8206564651851537 
-0.030477506888490172 -1000.0 0.2862008329609116 -1000.0 -1.1747138758646185 -1000.0 -1.093622883741971 0.011426632823161134 
1.3283022746056437 -1.5073669938757683 0.8616642372644048 1.258863521751848 -1.8290237952374224 -1000.0 -1.987413009617121 1.6491053771760935 
-0.8578827012336777 0.8756257250673788 0.7323266161500662 -0.7900312823170996 0.5341349996705282 -1000.0 0.054979183051107154 -0.6117497783401811 
-0.1865610025370443 0.5180775882026172 -0.06433395386769658 0.11723456309812624 -0.6699604141263399 -1000.0 0.6820353118808786 -0.9026572502176363 
-1.118294901452287 -0.21971240264236797 1.473196090243823 -1.101559814306246 -0.2128905789780618 -1000.0 0.8869391396117087 -0.3972595709125884 
-0.10899999999999993 -1000.0 -0.010000000000000057 -1000.0 -0.10899999999999993 -1000.0 -0.09999999999999995 -0.09999999999999995 
-0.10899999999999993 -0.19000000000003656 -0.10899999999999735 -0.01000000000000005 -0.19000000000000003 -1000.0 -0.09999999999999995 -0.10000000000000006 
-0.10899999798207696 -0.10900000006122366 -0.18999972589036457 -0.10899999105519059 -0.1089999999977766 -1000.0 -0.09999999999999995 -0.10000000000000459 
-0.19809999991949362 -0.01000000000000005 -0.18999997375906602 -0.18997830294676712 -0.1089999999880022 -1000.0 -0.10000000000000031 -0.09999999999998574 
-0.2709999999998318 -0.10899999999999857 -0.10900000001594691 -0.19000000000000278 -0.19000000000000003 -1000.0 -0.09999999999999995 -0.10000000000000006 
-1.0 -1.0 -1.0 -1.0 -1.0 -1.0 -1.0 -1.0 
-1000.0 -0.10899999999999993 -1000.0 -1000.0 -0.10900000000000007 -0.10899999999999993 -1000.0 -1000.0 
-1000.0 0.09999999999999995 -1000.0 -1000.0 -0.10900000000000007 -0.10899999999999993 -1000.0 -1000.0 
-1000.0 -0.19809999999999994 -1000.0 -1000.0 -0.01000000000000005 -0.009999999999999955 -1000.0 -1000.0 
-1000.0 -0.010000000000000057 -1000.0 -1000.0 -0.01000000000000005 -0.009999999999999955 -1000.0 -1000.0 
-0.271 -1000.0 -1000.0 -1000.0 -0.10899999999999993 -0.10899999999999993 -1000.0 -1000.0 
-0.27099999999999985 -0.1899999999999999 -1000.0 -1000.0 -0.19000000000000003 -0.19000000000000003 -1000.0 -1000.0 
-0.19809999999999994 -0.009999999999999955 -1000.0 -1000.0 -0.10899999999999993 -0.19000000000000003 -1000.0 -1000.0 
-0.10899999999999993 -0.109 -1000.0 -1000.0 -0.1899999999999999 -0.19000000000000003 -1000.0 -1000.0 
-0.27099999999999985 -0.19000000000000003 -1000.0 -1000.0 -0.10899999999999993 -0.19000000000000003 -1000.0 -1000.0 
0.10000000000000006 -1000.0 -1000.0 -1000.0 -0.1899999999999999 -0.01000000000000005 -1000.0 -1000.0 
-0.19809999999999994 -0.09999999999999995 -1000.0 -1000.0 -0.1899999999999999 -0.19000000000000003 -1000.0 -1000.0 
-0.010000000000000057 -0.09999999999999995 -1000.0 -1000.0 -0.19000000000000003 -0.10899999999999993 -1000.0 -1000.0 
-0.10899999999999993 -0.09999999999999995 -1000.0 -1000.0 -0.19000000000000003 -0.10899999999999993 -1000.0 -1000.0 
-0.10899999999999993 -0.09999999999999995 -1000.0 -1000.0 -0.19000000000000003 -0.1899999999999999 -1000.0 -1000.0 
0.9694852413546977 -1000.0 -1000.0 -1000.0 0.5851554401515545 1.0797090724432126 -1000.0 -1000.0 
0.4378602036718212 -0.24972781562036425 -1000.0 -1000.0 1.1430755653788482 0.5310062130888848 -1000.0 -1000.0 
-1.9729233426219046 0.2906565416057769 -1000.0 -1000.0 -0.8830220139016092 0.1893600801828066 -1000.0 -1000.0 
0.24371042773614943 0.6323990759623178 -1000.0 -1000.0 0.9043023302079999 -0.867452953334792 -1000.0 -1000.0 
-0.36786806297968033 -1.3189869079347039 -1000.0 -1000.0 -0.6144825089968593 -0.5500760266324297 -1000.0 -1000.0 
-0.10000000000000006 -1000.0 -1000.0 -1000.0 -0.009999999999999955 -0.27100000000000024 -1000.0 -1000.0 
-0.10000000000000006 -0.27099999999999985 -1000.0 -1000.0 -0.27099999999999985 -0.27099999999999985 -1000.0 -1000.0 
-0.09999999999999995 -0.271 -1000.0 -1000.0 -0.27099999999999985 -0.2710000000000001 -1000.0 -1000.0 
-0.09999999999999995 -0.27099999999999985 -1000.0 -1000.0 -0.19809999999999994 -0.27099999999999985 -1000.0 -1000.0 
-0.10000000000000006 -0.19809999999999994 -1000.0 -1000.0 -0.10899999999999993 -0.2710000000000001 -1000.0 -1000.0 
-1.0 -1.0 -1.0 -1.0 -1.0 -1.0 -1.0 -1.0 
-1000.0 -0.01000000000000005 -1000.0 -0.009999999999999955 -0.10899999999999993 -1000.0 -0.10000000000000006 -1000.0 
-1000.0 0.10000000000000006 -1000.0 -0.10899999999999993 -0.10899999999999993 -1000.0 -0.19809999999999994 -1000.0 
-1000.0 -0.10899999999999993 -1000.0 -0.01000000000000005 -0.009999999999999955 -1000.0 -0.009999999999999955 -1000.0 
-1000.0 -0.009999999999999955 -1000.0 0.09999999999999995 -0.10900000000000007 -1000.0 -0.10899999999999993 -1000.0 
-0.10899999999999993 -1000.0 -0.009999999999999955 -1000.0 -0.10900000000000007 -1000.0 -0.09999999999999995 -1000.0 
-0.271 -0.10899999999999993 -0.10900000000000007 -0.1899999999999999 -0.19000000000000003 -1000.0 -0.10000000000000006 -1000.0 
-0.19809999999999994 -0.009999999999999955 -0.1899999999999999 -0.1899999999999999 -0.10900000000000007 -1000.0 -0.10000000000000006 -1000.0 
-0.10899999999999993 -0.10900000000000007 -0.1899999999999999 -0.10899999999999993 -0.10900000000000007 -1000.0 -0.09999999999999995 -1000.0 
-0.109 -0.1899999999999999 -0.10899999999999993 -0.009999999999999955 -0.1899999999999999 -1000.0 -0.10000000000000006 -1000.0 
0.09999999999999995 -1000.0 -0.19810000000000008 -1000.0 -0.10899999999999993 -1000.0 -0.19810000000000008 -1000.0 
-0.10899999999999993 -0.19810000000000008 -0.27099999999999985 -0.27099999999999985 -0.19810000000000008 -1000.0 -0.27099999999999985 -1000.0 
-0.009999999999999955 -0.19810000000000008 -0.27099999999999985 -0.27099999999999985 -0.19810000000000008 -1000.0 -0.27099999999999985 -1000.0 
-0.10899999999999993 -0.27099999999999985 -0.27099999999999985 -0.19810000000000008 -0.19810000000000008 -1000.0 -0.27099999999999985 -1000.0 
-0.01000000000000005 -0.27099999999999985 -0.19810000000000008 -0.19810000000000008 -0.19810000000000008 -1000.0 -0.19810000000000008 -1000.0 
-1.0036328146064444 -1000.0 -0.025691084910832267 -1000.0 -0.17640452561967696 -1000.0 -0.9341788436839055 -1000.0 
0.21713561843619972 -1.0234497521569943 0.18384731036115978 0.5193566581280291 0.22639137943026544 -1000.0 0.3838898656157778 -1000.0 
-1.5101269694379615 -1.0029431372553474 0.4005663743329069 0.089665517048939 1.0667774790275615 -1000.0 1.5937511115598786 -1000.0 
-0.6147130012237982 -1.0213301412882565 0.5246843297139809 -0.9321313499792525 -1.327282620846233 -1000.0 -0.01872162321782455 -1000.0 
-0.7620192919052378 -2.560895518712825 0.9807717839891672 -1.5988117120106913 -1.6007740061646507 -1000.0 -0.926078240687937 -1000.0 
-0.19810000000000008 -1000.0 -0.10899999999999993 -1000.0 -0.009999999999999955 -1000.0 -0.10899999999999993 -1000.0 
-0.2709999796895085 -0.10899999999999983 -0.2709999991965714 -0.1980998918960377 -0.19809997975496793 -1000.0 -0.34389999999874254 -1000.0 
-0.270999999527425 -0.10899999999999993 -0.19809999875268625 -0.10899999999999993 -0.19809999997105734 -1000.0 -0.3438999999999094 -1000.0 
-0.2709999999966398 -0.2709999999996499 -0.10899999999999993 -0.109 -0.10899999999999993 -1000.0 -0.2782899999988546 -1000.0 
-0.19809999999865072 -0.19809999986439272 -0.10899999999999944 -0.10899999999999946 -0.10899999999999932 -1000.0 -0.1981000000000328 -1000.0 
-1.0 -1.0 -1.0 -1.0 -1.0 -1.0 -1.0 -1.0 
-1000.0 -0.10899999999999993 -1000.0 -0.009999999999999955 -1000.0 -0.009999999999999955 -0.09999999999999995 -1000.0 
-1000.0 0.10000000000000006 -1000.0 -0.10899999999999993 -1000.0 -0.10899999999999993 -0.10000000000000006 -1000.0 
-1000.0 -0.10899999999999993 -1000.0 0.10000000000000006 -1000.0 -0.10899999999999993 -0.10000000000000006 -1000.0 
-1000.0 -0.009999999999999955 -1000.0 -0.10899999999999993 -1000.0 -0.010000000000000057 -0.09999999999999995 -1000.0 
-0.10899999999999993 -1000.0 -0.01000000000000005 -1000.0 -1000.0 -0.10900000000000007 -0.10000000000000006 -1000.0 
-0.19809999999999994 -0.19809999999999994 -0.10899999999999993 -0.10900000000000007 -1000.0 -0.19809999999999994 -0.10000000000000006 -1000.0 
-0.19809999999999994 -0.01000000000000005 -0.19809999999999994 -0.19809999999999994 -1000.0 -0.19809999999999994 -0.09999999999999995 -1000.0 
-0.10899999999999993 -0.10899999999999993 -0.10900000000000007 -0.01000000000000005 -1000.0 -0.19809999999999994 -0.10000000000000006 -1000.0 
-0.19809999999999994 -0.19809999999999994 -0.19809999999999994 -0.10899999999999993 -1000.0 -0.19809999999999994 -0.09999999999999995 -1000.0 
0.09999999999999995 -1000.0 -0.10900000000000007 -1000.0 -1000.0 -0.010000000000000057 -0.09999999999999995 -1000.0 
-0.10899999999999993 -0.19810000000000008 -0.2782899999999998 -0.19810000000000008 -1000.0 -0.10899999999999993 -0.10000000000000006 -1000.0 
-0.009999999999999955 -0.10900000000000007 -0.19809999999999994 -0.19810000000000008 -1000.0 -0.10899999999999993 -0.10000000000000006 -1000.0 
-0.009999999999999955 -0.2782899999999998 -0.19810000000000008 -0.10900000000000007 -1000.0 -0.19809999999999994 -0.10000000000000006 -1000.0 
-0.10899999999999993 -0.19809999999999994 -0.19810000000000008 -0.2782899999999998 -1000.0 -0.19809999999999994 -0.09999999999999995 -1000.0 
0.4399981402838246 -1000.0 0.08919994818421949 -1000.0 -1000.0 0.7693950683606953 0.7564760127781476 -1000.0 
0.20455001121652625 -0.8839105289194576 2.0186679690857567 -0.562322553579888 -1000.0 1.243385138046851 -0.6816762824881397 -1000.0 
-1.8492705409148749 0.6486978300792223 -0.30896721840500124 0.7303865186618137 -1000.0 -2.26652659963411 -1.2806653725222656 -1000.0 
-0.7781606171142357 1.8333024432349743 -0.5897291201547391 1.419154958996902 -1000.0 0.3123400526152008 -0.4284283009735052 -1000.0 
0.36985500020749407 -0.13013623734304694 1.5507135295462664 0.7668975819253628 -1000.0 -0.12087435954601351 -0.46614622393459987 -1000.0 
-0.4302521404324712 -1000.0 0.629862777541297 -1000.0 -1000.0 1.7812578432372443 0.5910090307988289 -1000.0 
0.20692152832437058 1.0870689887270069 0.5076519457944209 -0.14787461024052223 -1000.0 0.03520737290087558 3.2855399785589605 -1000.0 
0.2541171916023806 -0.23035239726375356 1.4011970158879787 -0.8125312653355327 -1000.0 2.1084694103887833 -0.4986027027357223 -1000.0 
1.7947237403568652 7.47878643911365E-4 0.11799114500163618 1.7640298383075652 -1000.0 0.04274386937432519 -1.0200140881937783 -1000.0 
0.5085301043933237 -1.520386956361041 -0.004069888176976254 -0.5975466766356897 -1000.0 1.463688689920564 -0.15055443503688548 -1000.0 
-1.0 -1.0 -1.0 -1.0 -1.0 -1.0 -1.0 -1.0 
-1000.0 -0.10899999999999993 -1000.0 -0.10899999999999993 -0.009999999999999955 -0.19000000000000003 -0.2782900000000003 -1000.0 
-1000.0 0.09999999999999995 -1000.0 0.10000000000000006 -0.10899999999999993 -0.010000000000000057 -0.19810000000000008 -1000.0 
-1000.0 -0.10899999999999993 -1000.0 -0.10899999999999993 -0.01000000000000005 -0.10899999999999993 -0.10899999999999993 -1000.0 
-1000.0 -0.009999999999999955 -1000.0 -0.009999999999999955 -0.10899999999999993 -0.10000000000000006 -0.009999999999999955 -1000.0 
-0.10899999999999993 -1000.0 -0.01000000000000005 -1000.0 -0.2782899999999998 -0.2782899999999998 -0.1899999999999999 -1000.0 
-0.19000000000000003 -0.19809999999999994 -0.10899999999999993 -0.19809999999999994 -0.2782899999999998 -0.2782899999999998 -0.1899999999999999 -1000.0 
-0.10899999999999993 -0.01000000000000005 -0.10900000000000007 -0.01000000000000005 -0.2782899999999998 -0.2782899999999998 -0.1899999999999999 -1000.0 
-0.10899999999999993 -0.10899999999999993 -0.19809999999999994 -0.10899999999999993 -0.2782899999999998 -0.2782899999999998 -0.1899999999999999 -1000.0 
-0.19000000000000003 -0.10900000000000007 -0.19809999999999994 -0.10900000000000007 -0.2782899999999998 -0.2782899999999998 -0.1899999999999999 -1000.0 
0.09999999999999995 -1000.0 -0.10900000000000007 -1000.0 -0.10900000000000007 -0.10900000000000007 -0.009999999999999955 -1000.0 
-0.10899999999999993 -0.1899999999999999 -0.1899999999999999 -0.1899999999999999 -0.19000000000000003 -0.1899999999999999 -0.1899999999999999 -1000.0 
-0.009999999999999955 -0.10900000000000007 -0.1899999999999999 -0.10900000000000007 -0.1899999999999999 -0.1899999999999999 -0.10900000000000007 -1000.0 
-0.10900000000000007 -0.1899999999999999 -0.19000000000000003 -0.1899999999999999 -0.10900000000000007 -0.19000000000000003 -0.1899999999999999 -1000.0 
-0.10899999999999993 -0.1899999999999999 -0.1899999999999999 -0.1899999999999999 -0.10900000000000007 -0.1899999999999999 -0.1899999999999999 -1000.0 
0.1802109441643773 -1000.0 -0.28548563212785805 -1000.0 -0.1613630405852037 -0.7257737844777927 -2.1777469048607427 -1000.0 
0.621015965391728 -0.8553498374309386 -0.2823890266567826 0.9623262446365228 -0.6645584286320612 0.8859586574875657 -1.102676199275654 -1000.0 
0.044833418434544324 -1.0482915381736309 -0.7984143560256415 0.49546287085390994 1.0763175307126285 -1.0958938013862103 -0.9733630564371047 -1000.0 
0.5195579522028737 1.668060893469694 -0.4535390788210505 -0.112844363502643 -0.22908996736729267 -0.006820928056114249 0.02556640423752963 -1000.0 
1.6510105304493337 0.14047030978053232 -0.10398916977251066 1.9166812770039687 0.4139893408576349 -0.9906699543826495 0.8181109346130113 -1000.0 
0.6717965130690722 -1000.0 1.7221712988786193 -1000.0 -0.5971253596777073 -0.20836178108059633 -0.30741475582545263 -1000.0 
-1.0317858614446644 0.8277622122442837 3.606306326899777 -0.3707443866552265 -0.7439686617338691 0.05773596199737762 -0.6893730702032039 -1000.0 
0.5503194272425519 -1.8522864871260536 1.5035131119435665 1.3251268334862227 1.5409500267251937 0.3671097482519171 0.7195143130798615 -1000.0 
1.0771642718355425 0.5196780877946113 1.724570880184237 -0.08869216819530933 -0.61073349791406 -0.25666085517619847 -0.42549110388050765 -1000.0 
0.46900115119932356 -0.8624458119556219 1.4721763124778764 -0.7304523911774842 -0.43584735356992205 -0.8797295245973176 -1.6607505401172458 -1000.0 
-1.0 -1.0 -1.0 -1.0 -1.0 -1.0 -1.0 -1.0 
-1000.0 -0.10899999999999993 -1000.0 0.10000000000000006 -1000.0 -0.19809999999999994 -0.19810000000000008 -0.10900000000000012 
-1000.0 0.10000000000000006 -1000.0 -0.009999999999999955 -1000.0 -0.10899999999999993 -0.19809999999999994 -0.19810000000000005 
-1000.0 -0.009999999999999955 -1000.0 -0.009999999999999962 -1000.0 -0.10000000000000006 -0.10900000000000004 -0.01000000000000005 
-1000.0 -0.009999999999999962 -1000.0 -0.10899999999999993 -1000.0 -0.009999999999999955 -0.009999999999999962 -0.10899999999999993 
-0.10900000000000012 -1000.0 -0.009999999999999955 -1000.0 -1000.0 -0.19809999999999994 -0.19809999999999994 -0.19809999999999994 
-0.10900000000000007 -0.19809999999999994 -0.10899999999999993 -0.009999999999999955 -1000.0 -0.27099999999999985 -0.19809999999999994 -0.27099999999999985 
-0.1899999999999999 -0.009999999999999955 -0.19809999999999994 -0.10899999999999993 -1000.0 -0.19809999999999994 -0.19809999999999994 -0.10899999999999993 
-0.10900000000000007 -0.10899999999999993 -0.1981000000000002 -0.19809999999999994 -1000.0 -0.27099999999999985 -0.19809999999999994 -0.19809999999999994 
-0.1899999999999999 -0.19809999999999994 -0.19809999999999994 -0.1981000000000002 -1000.0 -0.19809999999999994 -0.19809999999999994 -0.19809999999999994 
0.09999999999999995 -1000.0 -0.10900000000000007 -1000.0 -1000.0 -0.10900000000000007 -0.01000000000000005 -0.10900000000000007 
-0.009999999999999955 -0.2782899999999998 -0.2782899999999998 -0.10900000000000007 -1000.0 -0.2782899999999998 -0.19809999999999994 -0.19000000000000003 
-0.009999999999999955 -0.10900000000000007 -0.19809999999999994 -0.2782899999999998 -1000.0 -0.19809999999999994 -0.10899999999999993 -0.19000000000000003 
-0.10899999999999993 -0.2782899999999998 -0.2782900000000001 -0.19809999999999994 -1000.0 -0.2782900000000001 -0.19809999999999994 -0.19000000000000003 
-0.10899999999999993 -0.19809999999999994 -0.2782899999999998 -0.2782900000000001 -1000.0 -0.2782899999999998 -0.10900000000000007 -0.1899999999999999 
-0.3564373671241204 -1000.0 -0.27479721353069275 -1000.0 -1000.0 -0.4999522914709251 0.6096975948216268 -1.341672196897674 
-0.964983997632244 1.9451297194675161 -0.11280440414740872 -1.270339547670703 -1000.0 2.693588924795443 0.22585853038615117 -0.795365517474695 
-1.829736715386692 0.43785937438221406 0.24625318792022677 -0.3990237194341792 -1000.0 -0.5105254333214883 -0.7836228010558569 1.0493308513860915 
0.318624664877199 -0.5794038929936414 0.5623700874919068 -0.39278904079312965 -1000.0 -0.7124677977092183 0.4705680252389949 -1.2790378633984691 
-2.5213898545962685 -0.4658871641946558 -1.3340538217389013 -0.11593929432618515 -1000.0 -0.34925109837056634 -0.6729508397412244 -1.3798948572473035 
-1.0452862820904645 -1000.0 0.40505277760726965 -1000.0 -1000.0 0.3445556488786671 -1.2379304346749627 0.5433184606165845 
1.3010387889153638 1.0604802350682807 -0.2312301739965324 -0.21803710320282443 -1000.0 0.5931241955341328 -1.0723693602061768 0.16912885689344062 
1.5688214104746154 -1.3081640135322365 0.44782250877720325 0.6978005519711883 -1000.0 -1.6206243803965898 0.6909818710852946 0.0708717223179141 
-0.23692977766221068 1.7174699053629834 -0.9323881284383847 -0.9122712341111281 -1000.0 1.3673559974360285 0.47750842280549505 -1.1814688819926689 
0.800797132052824 1.044268621495894 -0.802091635219262 -0.15184664545256182 -1000.0 0.38837110267131897 0.883081071818166 0.11167447132613122 
-1.0 -1.0 -1.0 -1.0 -1.0 -1.0 -1.0 -1.0 
-1000.0 0.10000000000000006 -1000.0 -1000.0 -0.10899999999999993 -0.10899999999999993 -0.10899999999999993 -1000.0 
-1000.0 -0.009999999999999955 -1000.0 -1000.0 -0.009999999999999955 -0.10899999999999993 -0.009999999999999955 -1000.0 
-1000.0 -0.10899999999999993 -1000.0 -1000.0 -0.10899999999999993 -0.009999999999999955 -0.10899999999999993 -1000.0 
-1000.0 -0.10899999999999993 -1000.0 -1000.0 -0.01000000000000005 -0.10900000000000007 -0.009999999999999955 -1000.0 
0.10000000000000006 -1000.0 -1000.0 -1000.0 -0.009999999999999962 -0.10900000000000007 -0.1899999999999999 -1000.0 
-0.009999999999999962 -0.09999999999999995 -1000.0 -1000.0 -0.10900000000000007 -0.19000000000000003 -0.1899999999999999 -1000.0 
-0.10899999999999993 -0.10000000000000006 -1000.0 -1000.0 -0.1899999999999999 -0.10900000000000007 -0.1899999999999999 -1000.0 
-0.10898401065567295 -0.09999371434778523 -1000.0 -1000.0 -0.1880567527522931 -0.10821930812188278 -0.18959917105826374 -1000.0 
-0.10899999999999993 -0.09999999999999995 -1000.0 -1000.0 -0.10899999999999993 -0.1899999999999999 -0.19000000000000003 -1000.0 
-0.10000000000000006 -1000.0 -1000.0 -1000.0 -0.19810000000000008 -0.10899999999999993 -0.01000000000000005 -1000.0 
-0.10000000000000006 -0.2782900000000001 -1000.0 -1000.0 -0.27099999999999985 -0.19810000000000008 -0.19809999999999994 -1000.0 
-0.10000000000000006 -0.19810000000000008 -1000.0 -1000.0 -0.27099999999999985 -0.19810000000000008 -0.10899999999999993 -1000.0 
-0.10000000000000006 -0.27099999999999985 -1000.0 -1000.0 -0.27099999999999985 -0.19810000000000008 -0.19810000000000008 -1000.0 
-0.09999999999999995 -0.27099999999999985 -1000.0 -1000.0 -0.19810000000000008 -0.19810000000000008 -0.19809999999999994 -1000.0 
-0.2782900000000001 -1000.0 -1000.0 -1000.0 -0.1899999999999999 -0.19000000000000003 -0.10900000000000007 -1000.0 
-0.19810000000000008 -0.01000000000000005 -1000.0 -1000.0 -0.19000000000000003 -0.1899999999999999 -0.10900000000000007 -1000.0 
-0.27099999999999985 -0.1899999999999999 -1000.0 -1000.0 -0.19000000000000003 -0.1899999999999999 -0.10900000000000007 -1000.0 
-0.27099999999999985 -0.1899999999999999 -1000.0 -1000.0 -0.19000000000000003 -0.1899999999999999 -0.1899999999999999 -1000.0 
-0.10899999999999993 -0.10900000000000007 -1000.0 -1000.0 -0.1899999999999999 -0.1899999999999999 -0.1899999999999999 -1000.0 
1.069764542742731 -1000.0 -1000.0 -1000.0 -0.7352110147266762 1.1107399463654852 0.3090140077117987 -1000.0 
-0.758783042589481 2.7414233095287237 -1000.0 -1000.0 -0.8229431620009072 -0.5415400416746434 -0.7623548506130252 -1000.0 
-0.5101488979927937 -0.9019536673032948 -1000.0 -1000.0 -1.218432390352283 -1.1094284178475777 1.8958068831846093 -1000.0 
1.1155196087507797 -0.872902339680591 -1000.0 -1000.0 1.0530086780745416 -0.372456704278135 0.6293204481554197 -1000.0 
1.268823013301898 0.23872130760427135 -1000.0 -1000.0 0.6152020843811995 0.5080076734198707 1.4315503102554619 -1000.0 
-1.0 -1.0 -1.0 -1.0 -1.0 -1.0 -1.0 -1.0 
-1000.0 0.09999999999999995 -1000.0 -0.10899999999999993 -0.10899999999999993 -0.10899999999999993 -1000.0 -0.10000000000000006 
-1000.0 -0.01000000000000005 -1000.0 -0.10899999999999993 -0.009999999999999955 -0.010000000000000057 -1000.0 -0.10000000000000006 
-1000.0 -0.10899999999999993 -1000.0 -0.009999999999999955 -0.009999999999999955 -0.009999999999999955 -1000.0 -0.09999999999999995 
-1000.0 -0.10899999999999993 -1000.0 0.10000000000000006 -0.10899999999999993 -0.10899999999999993 -1000.0 -0.09999999999999995 
0.10000000000000006 -1000.0 -0.3504609999999997 -1000.0 -0.01000000000000005 -0.10900000000000007 -1000.0 -0.10000000000000006 
-0.010000000000000057 -0.3504609999999997 -0.3504609999999997 -0.3504609999999997 -0.10899999999999993 -0.19809999999999994 -1000.0 -0.09999999999999995 
-0.10899999999999993 -0.3504609999999997 -0.3504609999999997 -0.3504609999999997 -0.19809999999999994 -0.10900000000000007 -1000.0 -0.09999999999999995 
-0.10899999999999993 -0.3504609999999997 -0.3504609999999997 -0.3504609999999997 -0.10900000000000007 -0.19809999999999994 -1000.0 -0.09999999999999995 
-0.009999999999999955 -0.3504609999999997 -0.3504609999999997 -0.3504609999999997 -0.19809999999999994 -0.19810000000000008 -1000.0 -0.10000000000000006 
-0.3504609999999997 -1000.0 -0.10900000000000007 -1000.0 -0.10900000000000007 -0.10900000000000007 -1000.0 -0.09999999999999995 
-0.3504609999999997 -0.10900000000000007 -0.19809999999999994 -0.19809999999999994 -0.2782899999999998 -0.19810000000000008 -1000.0 -0.09999999999999995 
-0.3504609999999997 -0.19809999999999994 -0.19809999999999994 -0.19810000000000008 -0.19809999999999994 -0.19809999999999994 -1000.0 -0.10000000000000006 
-0.3504609999999997 -0.19809999999999994 -0.19810000000000008 -0.10900000000000007 -0.19810000000000008 -0.19810000000000008 -1000.0 -0.10000000000000006 
-0.3504609999999997 -0.19810000000000008 -0.10900000000000007 -0.10900000000000007 -0.19810000000000008 -0.19810000000000008 -1000.0 -0.10000000000000006 
-0.10900000000000007 -1000.0 -0.009999999999999955 -1000.0 -0.19809999999999994 -0.19809999999999994 -1000.0 -0.10000000000000006 
-0.19809999999999994 -0.009999999999999955 -0.19810000000000008 -0.19810000000000008 -0.19809999999999994 -0.19809999999999994 -1000.0 -0.10000000000000006 
-0.19809999999999994 -0.19810000000000008 -0.19810000000000008 -0.10900000000000007 -0.19809999999999994 -0.34389999999999976 -1000.0 -0.10000000000000006 
-0.19810000000000008 -0.19810000000000008 -0.10900000000000007 -0.10900000000000007 -0.19809999999999994 -0.19809999999999994 -1000.0 -0.10000000000000006 
-0.10900000000000007 -0.10900000000000007 -0.10900000000000007 -0.009999999999999955 -0.19809999999999994 -0.2782900000000001 -1000.0 -0.10000000000000006 
0.20280912496466377 -1000.0 1.1094265208237835 -1000.0 -0.9002292271512934 -0.27839980788178514 -1000.0 -0.007445122874715676 
-0.5058057542662537 -0.7852628852634967 0.07556249605293872 0.19678818827828046 -0.15303386186135742 0.3687210178603464 -1000.0 1.642988577752152 
-0.37090095433962145 0.015419359424371096 -0.62473072392336 0.7101848827191473 0.40970922533314896 -0.7068933446476453 -1000.0 -3.201215759337648 
0.5234029543710318 1.2595870660108583 -0.510019893171339 1.031292721055618 1.5516457212521302 -1.4032905011083885 -1000.0 0.817048410088168 
-0.06486475295895816 0.9695321706957206 1.0768105208102907 0.14120670860226078 -0.2870228894334907 0.3399377028783806 -1000.0 1.561237207632172 
-1.0 -1.0 -1.0 -1.0 -1.0 -1.0 -1.0 -1.0 
-1000.0 0.10000000000000006 -1000.0 -0.01000000000000005 -0.10899999999999993 -1000.0 -0.2782900000000003 -0.19000000000000014 
-1000.0 -0.009999999999999955 -1000.0 -0.10899999999999993 -0.009999999999999955 -1000.0 -0.1981000000000002 -0.010000000000000057 
-1000.0 -0.10899999999999993 -1000.0 0.09999999999999995 -0.10900000000000007 -1000.0 -0.10899999999999993 -0.10899999999999993 
-1000.0 -0.01000000000000005 -1000.0 -0.009999999999999955 -0.10899999999999993 -1000.0 -0.009999999999999962 -0.09999999999999995 
0.09999999999999995 -1000.0 -0.2782899999999998 -1000.0 -0.010000000000000057 -1000.0 -0.1899999999999999 -0.2782899999999998 
-0.009999999999999955 -0.2782899999999998 -0.2782899999999998 -0.2782899999999998 -0.10899999999999993 -1000.0 -0.1899999999999999 -0.2782899999999998 
-0.10899999999999993 -0.2782899999999998 -0.2782899999999998 -0.2782899999999998 -0.10900000000000007 -1000.0 -0.1899999999999999 -0.2782899999999998 
-0.01000000000000005 -0.2782899999999998 -0.2782899999999998 -0.2782899999999998 -0.19809999999999994 -1000.0 -0.1899999999999999 -0.2782899999999998 
-0.10899999999999993 -0.2782899999999998 -0.2782899999999998 -0.2782899999999998 -0.19809999999999994 -1000.0 -0.1899999999999999 -0.2782899999999998 
-0.2782899999999998 -1000.0 -0.10900000000000007 -1000.0 -0.10900000000000007 -1000.0 -0.009999999999999955 -0.10900000000000007 
-0.2782899999999998 -0.10900000000000007 -0.19000000000000003 -0.10900000000000007 -0.1899999999999999 -1000.0 -0.1899999999999999 -0.1899999999999999 
-0.2782899999999998 -0.19000000000000003 -0.1899999999999999 -0.10900000000000007 -0.1899999999999999 -1000.0 -0.10900000000000007 -0.1899999999999999 
-0.2782899999999998 -0.1899999999999999 -0.10900000000000007 -0.10900000000000007 -0.19000000000000003 -1000.0 -0.1899999999999999 -0.19000000000000003 
-0.2782899999999998 -0.10900000000000007 -0.10900000000000007 -0.19000000000000003 -0.1899999999999999 -1000.0 -0.1899999999999999 -0.1899999999999999 
-0.10900000000000007 -1000.0 -0.009999999999999955 -1000.0 -0.10900000000000007 -1000.0 -0.19810000000000008 -0.1981000000000002 
-0.19000000000000003 -0.009999999999999955 -0.19809999999999994 -0.10900000000000006 -0.19810000000000008 -1000.0 -0.10900000000000007 -0.19810000000000008 
-0.1899999999999999 -0.19809999999999994 -0.19809999999999994 -0.19810000000000008 -0.19810000000000008 -1000.0 -0.19810000000000008 -0.19810000000000008 
-0.10900000000000007 -0.19809999999999994 -0.10900000000000006 -0.009999999999999955 -0.19810000000000008 -1000.0 -0.27099999999999985 -0.27099999999999985 
-0.10900000000000007 -0.10900000000000006 -0.19810000000000008 -0.19809999999999994 -0.19810000000000008 -1000.0 -0.19809999999999994 -0.27099999999999985 
0.21885081065617568 -1000.0 1.514961041931112 -1000.0 -1.2541963433537795 -1000.0 0.3362789939595505 -2.3156614484369857 
-0.830480402723523 0.29258155984138273 0.7623920831315198 -0.7488734118980365 -0.03916827584020039 -1000.0 2.5466116105059555 0.599271210346866 
0.20714627469056596 -0.7020309330573382 1.431333817689076 0.8282106418645765 0.2937865469066728 -1000.0 -1.3868918224607274 -1.2335406238377207 
1.918852174884729 0.5402357716659032 0.6316373693504312 -0.05850118378290648 -0.01312949661127898 -1000.0 -1.696392296250729 -2.6766553047689987 
0.012133106166564267 0.08632448922884008 0.9818647797020474 -0.20983794231341785 0.7600121616066736 -1000.0 0.22261740659845702 -1.5205997195117658 
-1.0 -1.0 -1.0 -1.0 -1.0 -1.0 -1.0 -1.0 
-1000.0 0.10000000000000006 -1000.0 -0.10899999999999993 -1000.0 -0.10900000000000007 -0.19810000000000008 -0.19809999999999994 
-1000.0 -0.009999999999999955 -1000.0 0.09999999999999995 -1000.0 -0.19809999999999994 -0.19809999999999994 -0.10899999999999993 
-1000.0 -0.01000000000000005 -1000.0 -0.009999999999999955 -1000.0 -0.01000000000000005 -0.10899999999999993 -0.10000000000000006 
-1000.0 -0.10899999999999993 -1000.0 -0.01000000000000005 -1000.0 -0.10899999999999993 -0.009999999999999955 -0.009999999999999955 
0.09999999999999995 -1000.0 -0.19809999999999994 -1000.0 -1000.0 -0.19809999999999994 -0.19809999999999994 -0.19809999999999994 
-0.009999999999999955 -0.19809999999999994 -0.27099999999999985 -0.19809999999999994 -1000.0 -0.27099999999999985 -0.19809999999999994 -0.27099999999999985 
-0.010000000000000057 -0.27099999999999985 -0.19809999999999994 -0.19809999999999994 -1000.0 -0.10899999999999993 -0.19809999999999994 -0.19809999999999994 
-0.10899999999999993 -0.19809999999999994 -0.27099999999999985 -0.27099999999999985 -1000.0 -0.19809999999999994 -0.19809999999999994 -0.27099999999999985 
-0.10899999999999993 -0.27099999999999985 -0.19809999999999994 -0.19809999999999994 -1000.0 -0.19809999999999994 -0.19809999999999994 -0.19809999999999994 
-0.19809999999999994 -1000.0 -0.10900000000000007 -1000.0 -1000.0 -0.10900000000000007 -0.01000000000000005 -0.10900000000000007 
-0.27099999999999985 -0.10900000000000007 -0.19809999999999994 -0.10900000000000007 -1000.0 -0.19000000000000003 -0.19809999999999994 -0.2782899999999998 
-0.19809999999999994 -0.19809999999999994 -0.10900000000000007 -0.10900000000000007 -1000.0 -0.19000000000000003 -0.10899999999999993 -0.19809999999999994 
-0.27099999999999985 -0.10900000000000007 -0.27099999999999985 -0.19809999999999994 -1000.0 -0.19000000000000003 -0.19809999999999994 -0.2782900000000001 
-0.19809999999999994 -0.27099999999999985 -0.10900000000000007 -0.10900000000000007 -1000.0 -0.1899999999999999 -0.10900000000000007 -0.2782899999999998 
-0.10900000000000007 -1000.0 -0.010000000000000057 -1000.0 -1000.0 -0.10000000000000006 -0.10899999999999993 -0.09999999999999995 
-0.19809999999999994 -0.01000000000000005 -0.19000000000000003 -0.1899999999999999 -1000.0 -0.10000000000000006 -0.10899999999999993 -0.10000000000000006 
-0.10900000000000007 -0.19000000000000003 -0.10900000000000007 -0.010000000000000057 -1000.0 -0.10000000000000006 -0.19000000000000003 -0.09999999999999995 
-0.27099999999999985 -0.10900000000000007 -0.10899999999999993 -0.19000000000000003 -1000.0 -0.09999999999999995 -0.19000000000000003 -0.10000000000000006 
-0.10900000000000007 -0.10899999999999993 -0.1899999999999999 -0.10900000000000007 -1000.0 -0.09999999999999995 -0.10899999999999993 -0.09999999999999995 
1.2824322347348538 -1000.0 2.2614103589153305 -1000.0 -1000.0 1.1218277968595194 0.40496204504931765 -0.4785045815874583 
-0.39686595945517417 -0.4791506442280984 -0.9315240530612303 -0.36298036623694124 -1000.0 1.1801120274123722 -0.15439383786166905 0.7395180798797306 
-1.5875916776216255 0.431223573811483 -0.0270804567825571 0.16799678650108596 -1000.0 -0.4508955473046997 0.02605069759293867 -2.36857358156261 
0.1782891068316704 0.8843550714591861 -0.7980333407720185 1.1880649659623272 -1000.0 0.6148070607695469 -0.2499726256744983 -0.19853197587566593 
-0.6912875569320379 -0.8258231800770901 -0.7100157106997034 -0.5021195623535171 -1000.0 -0.15336138170749763 1.4983626719483525 -0.6016817808613416 
-1.0 -1.0 -1.0 -1.0 -1.0 -1.0 -1.0 -1.0 
-1000.0 0.09999999999999995 -1000.0 0.10000000000000006 -0.01000000000000005 -0.10900000000000004 -0.10900000000000012 -0.19809999999999994 
-1000.0 -0.009999999999999955 -1000.0 -0.009999999999999955 -0.10000000006552967 -0.10899999997568341 -0.10899999999968438 -0.010000000000244645 
-1000.0 -0.10899986232974648 -1000.0 -0.10899985337893126 -0.19000001876904882 -0.009999999999999962 -0.010000022804395096 -0.10899999830028459 
-1000.0 -0.10899998938965909 -1000.0 -0.10899999986107903 -0.10899999903928143 -0.009999999999999955 -0.010000000060275387 -0.10899999328135429 
0.10000000000000006 -1000.0 -0.10899999999999993 -1000.0 -0.10899999999999993 -0.10899999999999993 -0.10899999999999993 -0.009999999999999955 
-0.009999999999999955 -0.10899999999999993 -0.1899999999999999 -0.10899999999999993 -0.1899999999999999 -0.19000000000000003 -0.19000000000000003 -0.109 
-0.10899999999999993 -0.1899999999999999 -0.1899999999999999 -0.1899999999999999 -0.1899999999999999 -0.19000000000000003 -0.10899999999999993 -0.19000000000000003 
-0.10900000000000006 -0.18999999999667005 -0.1899999999348268 -0.1899999997361756 -0.18999999999416028 -0.1899999999985426 -0.18999999999998246 -0.1899852136725584 
-0.10899999999999993 -0.1899999999999999 -0.1899999999999999 -0.1899999999999999 -0.1899999999999999 -0.19000000000000003 -0.10899999999999993 -0.1899999999999999 
0.5713993119758644 -1000.0 -2.14158784096273 -1000.0 1.120326797338408 1.2205418486698716 -0.7333965943310462 0.4995100004781711 
-0.5416557238850466 0.15321105937408677 0.48740473733812345 0.5326813598691988 0.5248137176576229 -0.867335328159383 0.5969546729874 -0.6456638764848529 
1.8068497256345146 -0.9813828136101839 -1.2151563393545923 -1.0414307078765412 0.01715669540216079 -1.2222564068446342 -1.051257366327124 -0.6996805735492921 
-0.25591144865059684 -0.16592329297444314 0.39059816850994367 1.5133908466973314 0.7555162190338409 -1.1532825300367657 -0.8608896283453423 0.35599746336321664 
-0.5702803627044587 1.3306632664440103 0.7673435509238512 -0.11217655985519939 -0.31165105750651306 0.5692071026644114 -0.2860028208388234 -0.15099767156550264 
-0.33536349104003316 -1000.0 -0.35793066440050775 -1000.0 0.28298270213068083 -1.0371630770748146 0.3021015668377742 -0.9517261599840893 
-0.11086113530786841 -1.3528907079196293 -1.1311486019426211 0.8766237890109093 0.6780548261824394 0.3747172275326658 -0.4381614442375661 0.4690085953211408 
-0.3829229308933951 0.7278229032353827 -0.12946423833220017 -1.6531120808688642 -1.0961637322820128 -0.2071619042432879 -1.3513602507030813 -0.7780500499723232 
-1.6693287787218491 0.06844584994363705 -1.4704320344517194 -0.03229196408147657 0.4287511232303597 -0.5550424353418237 1.304108655020374 0.7855493474536639 
-1.48912856457913 -0.14565275473741138 -0.7212050659493608 -3.1750198110297623 0.6730287741461627 0.9814302510086746 -0.2586129652950632 -2.5158779914561573 
-1.3578831845795831 -1000.0 0.11412726427344458 -1000.0 -0.5321707136621002 0.031251700691689616 0.0657742066149927 1.5931688254177394 
-0.9026272148013134 -1.532594826723365 0.5022878746377181 -1.0506340221518082 1.6010346307083554 0.6550575455066119 -0.43935012308654914 -0.26892501057709206 
-1.0122119650590042 -0.49442766170711194 -0.9269379651968868 0.46190641741514454 -0.1267944798631822 -0.44416247817942583 1.7469167145326863 -0.5347375569371636 
-0.8425007760848684 -1.0951713063115038 1.6318915530086704 1.5187214280066348 -0.20816306432098988 -0.10221757043259239 0.7497758588256088 0.40951718224411815 
-1.5628069935809317 -0.9371878301884322 -1.74043662978909 -0.28509788641752 -1.3575531098313354 0.7000609144996865 0.7282373888357381 0.6979669126142329 
END