1.0 1.0 1.0 1.0 1.0 1.0 1.0 1.0 
1.0 1.0 1.0 1.0 1.0 1.0 1.0 1.0 
1.0 1.0 1.0 1.0 1.0 1.0 1.0 1.0 
1.0 1.0 1.0 1.0 1.0 1.0 1.0 1.0 
1.0 1.0 1.0 1.0 1.0 1.0 1.0 1.0 
1.0 1.0 1.0 1.0 1.0 1.0 1.0 1.0 
1.0 1.0 1.0 1.0 1.0 1.0 1.0 1.0 
1.0 1.0 1.0 1.0 1.0 1.0 1.0 1.0 
1.0 1.0 1.0 1.0 1.0 1.0 1.0 1.0 
1.0 1.0 1.0 1.0 1.0 1.0 1.0 1.0 
1.0 1.0 1.0 1.0 1.0 1.0 1.0 1.0 
1.0 1.0 1.0 1.0 1.0 1.0 1.0 1.0 
1.0 1.0 1.0 1.0 1.0 1.0 1.0 1.0 
1.0 1.0 1.0 1.0 1.0 1.0 1.0 1.0 
1.0 1.0 1.0 1.0 1.0 1.0 1.0 1.0 
1.0 1.0 1.0 1.0 1.0 1.0 1.0 1.0 
1.0 1.0 1.0 1.0 1.0 1.0 1.0 1.0 
1.0 1.0 1.0 1.0 1.0 1.0 1.0 1.0 
1.0 1.0 1.0 1.0 1.0 1.0 1.0 1.0 
1.0 1.0 1.0 1.0 1.0 1.0 1.0 1.0 
1.0 1.0 1.0 1.0 1.0 1.0 1.0 1.0 
1.0 1.0 1.0 1.0 1.0 1.0 1.0 1.0 
1.0 1.0 1.0 1.0 1.0 1.0 1.0 1.0 
1.0 1.0 1.0 1.0 1.0 1.0 1.0 1.0 
1.0 1.0 1.0 1.0 1.0 1.0 1.0 1.0 
-1.0 -1.0 -1.0 -1.0 -1.0 -1.0 -1.0 -1.0 
-1000.0 -1000.0 -1000.0 -0.04334432149218925 -1000.0 -1000.0 -1000.0 -1000.0 
-1000.0 -1000.0 -1000.0 -0.13448967294240569 -1000.0 -1000.0 -1000.0 -1000.0 
-1000.0 -1000.0 -1000.0 -0.1159792235791269 -1000.0 -1000.0 -1000.0 -1000.0 
-1000.0 -1000.0 -1000.0 0.10000000000000006 -1000.0 -1000.0 -1000.0 -1000.0 
-1000.0 -1000.0 -0.019574695511041244 -1000.0 -1000.0 -1000.0 -1000.0 -1000.0 
-1000.0 -1000.0 -0.12203225555919665 -0.13168630294881323 -1000.0 -1000.0 -1000.0 -1000.0 
-1000.0 -1000.0 -0.12107462640432072 -0.1373066162841582 -1000.0 -1000.0 -1000.0 -1000.0 
-1000.0 -1000.0 -0.10940582137237162 -0.10406630921148308 -1000.0 -1000.0 -1000.0 -1000.0 
-1000.0 -1000.0 -0.11759032810919168 -0.1970840289503897 -1000.0 -1000.0 -1000.0 -1000.0 
-1000.0 -1000.0 -0.12915643268195537 -1000.0 -1000.0 -1000.0 -1000.0 -1000.0 
-1000.0 -1000.0 -0.12581617171796813 -0.10526643016637582 -1000.0 -1000.0 -1000.0 -1000.0 
-1000.0 -1000.0 -0.09228498016127332 -0.03603216032224773 -1000.0 -1000.0 -1000.0 -1000.0 
-1000.0 -1000.0 -0.13453997586844765 -0.12069630239943746 -1000.0 -1000.0 -1000.0 -1000.0 
-1000.0 -1000.0 -0.11276701468693748 -0.02460090145132461 -1000.0 -1000.0 -1000.0 -1000.0 
-1000.0 -1000.0 -0.11013885225452502 -1000.0 -1000.0 -1000.0 -1000.0 -1000.0 
-1000.0 -1000.0 -0.11801042524178906 -0.09844843526820095 -1000.0 -1000.0 -1000.0 -1000.0 
-1000.0 -1000.0 -0.13747862351580795 -0.14026316289302587 -1000.0 -1000.0 -1000.0 -1000.0 
-1000.0 -1000.0 -0.1386433599552837 -0.13785214742157587 -1000.0 -1000.0 -1000.0 -1000.0 
-1000.0 -1000.0 -0.10859681575746313 -0.15267850175349884 -1000.0 -1000.0 -1000.0 -1000.0 
-1000.0 -1000.0 0.09999999999999995 -1000.0 -1000.0 -1000.0 -1000.0 -1000.0 
-1000.0 -1000.0 -0.19776572689731325 -0.10438190394103528 -1000.0 -1000.0 -1000.0 -1000.0 
-1000.0 -1000.0 -0.029634278401867355 -0.15935214112623214 -1000.0 -1000.0 -1000.0 -1000.0 
-1000.0 -1000.0 -0.15184969345691784 -0.10932973676012056 -1000.0 -1000.0 -1000.0 -1000.0 
-1000.0 -1000.0 -0.1338579895272391 -0.11056742460042682 -1000.0 -1000.0 -1000.0 -1000.0 
-1.0 -1.0 -1.0 -1.0 -1.0 -1.0 -1.0 -1.0 
-1000.0 -1000.0 -1000.0 -0.10986919063733047 -0.10900000000000007 -1000.0 -1000.0 -1000.0 
-1000.0 -1000.0 -1000.0 -0.15705615179639337 -0.1540272287736186 -1000.0 -1000.0 -1000.0 
-1000.0 -1000.0 -1000.0 0.10000000000000006 -0.14488464433736592 -1000.0 -1000.0 -1000.0 
-1000.0 -1000.0 -1000.0 -0.21173041339059256 -0.01565451238230193 -1000.0 -1000.0 -1000.0 
-1000.0 -1000.0 -0.11559010841429265 -1000.0 -0.10900000000000004 -1000.0 -1000.0 -1000.0 
-1000.0 -1000.0 -0.10782246381280405 -0.11349604366072835 -0.15875786498963607 -1000.0 -1000.0 -1000.0 
-1000.0 -1000.0 -0.11124558244182117 -0.13391932546292154 -0.12329416993266655 -1000.0 -1000.0 -1000.0 
-1000.0 -1000.0 -0.12545755021714866 -0.20654047664667982 -0.10084708073145125 -1000.0 -1000.0 -1000.0 
-1000.0 -1000.0 -0.11938122006169646 -0.1693913582506417 -0.16739777133527142 -1000.0 -1000.0 -1000.0 
-1000.0 -1000.0 -0.0675156134676998 -1000.0 -0.016318242804269845 -1000.0 -1000.0 -1000.0 
-1000.0 -1000.0 -0.10427512447388482 -0.10488625996660322 -0.08661625802249201 -1000.0 -1000.0 -1000.0 
-1000.0 -1000.0 -0.14592653077517237 -0.1895345288046354 -0.019916500231030875 -1000.0 -1000.0 -1000.0 
-1000.0 -1000.0 -0.13899523603451022 -0.1654033224378565 -0.030053624079694564 -1000.0 -1000.0 -1000.0 
-1000.0 -1000.0 -0.1976915989630346 -0.1441172874547345 -0.15837537999419002 -1000.0 -1000.0 -1000.0 
-1000.0 -1000.0 0.09999999999999995 -1000.0 -0.12258179787877409 -1000.0 -1000.0 -1000.0 
-1000.0 -1000.0 -0.20846467137754654 -0.11237704876675017 -0.03738139904213171 -1000.0 -1000.0 -1000.0 
-1000.0 -1000.0 -0.18470257876233073 -0.12014523535152444 -0.03784587121107624 -1000.0 -1000.0 -1000.0 
-1000.0 -1000.0 -0.10139415361499862 -0.10194389766337922 -0.028114240131831163 -1000.0 -1000.0 -1000.0 
-1000.0 -1000.0 -0.12676550112658733 -0.12051168975080326 -0.19665648502532893 -1000.0 -1000.0 -1000.0 
-1000.0 -1000.0 -0.20705855065985285 -1000.0 -0.025203713257829673 -1000.0 -1000.0 -1000.0 
-1000.0 -1000.0 -0.1802265355184073 -0.12154604354636775 -0.19468219905024076 -1000.0 -1000.0 -1000.0 
-1000.0 -1000.0 -0.10926258080159977 -0.15865311265717852 -0.12628667967729418 -1000.0 -1000.0 -1000.0 
-1000.0 -1000.0 -0.10204356153583347 -0.055069788434142355 -0.20235267780119393 -1000.0 -1000.0 -1000.0 
-1000.0 -1000.0 -0.18586280629829394 -0.07662707256302373 -0.20119629322249263 -1000.0 -1000.0 -1000.0 
-1.0 -1.0 -1.0 -1.0 -1.0 -1.0 -1.0 -1.0 
-1000.0 -1000.0 -1000.0 -0.11827867270417086 -0.13994465146824206 -0.14633538142775676 -1000.0 -1000.0 
-1000.0 -1000.0 -1000.0 0.09999999999999995 -0.029857695837320893 -0.12982177405282935 -1000.0 -1000.0 
-1000.0 -1000.0 -1000.0 -0.01000000000000005 -0.1772448265176903 -0.011474973576012452 -1000.0 -1000.0 
-1000.0 -1000.0 -1000.0 -0.11512237411666132 -0.10059338459936065 -0.1514107318282091 -1000.0 -1000.0 
-1000.0 -1000.0 -0.12980057654851923 -1000.0 -0.11529406025646238 -0.13502300042209286 -1000.0 -1000.0 
-1000.0 -1000.0 -0.09932739800583723 -0.11188822607751192 -0.0962532084220848 -0.1423067106898164 -1000.0 -1000.0 
-1000.0 -1000.0 -0.11302593294190477 -0.010000000000000057 -0.13610612523649854 -0.01756966460502381 -1000.0 -1000.0 
-1000.0 -1000.0 -0.19590314864202488 -0.1010382940345387 -0.05252342911500235 -0.17694307628878767 -1000.0 -1000.0 
-1000.0 -1000.0 -0.11964526484662959 -0.10044524229574203 -0.1908553398050313 -0.21014204795601024 -1000.0 -1000.0 
-1000.0 -1000.0 0.09999999999999995 -1000.0 -0.05937642476027485 -0.11197910352699242 -1000.0 -1000.0 
-1000.0 -1000.0 -0.01000000000000005 -0.210851642950414 -0.10826644482295615 -0.12628106425240976 -1000.0 -1000.0 
-1000.0 -1000.0 -0.10409749294126641 -0.1060681319712107 -0.030156651344695265 -0.09416569472441848 -1000.0 -1000.0 
-1000.0 -1000.0 -0.1149686743467058 -0.10417747353654527 0.057618097091846704 -0.09239488401146276 -1000.0 -1000.0 
-1000.0 -1000.0 -0.12604387386339405 -0.11619684782569277 -0.19366157791927435 -0.10418296731410795 -1000.0 -1000.0 
-1000.0 -1000.0 -0.010000000000000057 -1000.0 -0.16230965983161963 -0.0672910008053407 -1000.0 -1000.0 
-1000.0 -1000.0 -0.10914674453746831 -0.1624300813950869 -0.18034166268537744 -0.17108125683220862 -1000.0 -1000.0 
-1000.0 -1000.0 -0.1058052839462225 -0.12380548648498113 -0.15335149325606398 0.051520625725511415 -1000.0 -1000.0 
-1000.0 -1000.0 -0.16129022337310334 -0.1287753332016927 -0.20251746790920233 -0.1802695759465826 -1000.0 -1000.0 
-1000.0 -1000.0 -0.06783873253361838 -0.14430041582714462 -0.2008393123386175 -0.19588030152591349 -1000.0 -1000.0 
-1000.0 -1000.0 -0.10002810916297938 -1000.0 -0.04849741144954497 -0.06687625236506507 -1000.0 -1000.0 
-1000.0 -1000.0 -0.10502905766151224 -0.11597221333066088 -0.021684459926325082 0.07384124773433726 -1000.0 -1000.0 
-1000.0 -1000.0 -0.11224061184426062 -0.13551301358133647 -0.17634180641101216 -0.14592627224457017 -1000.0 -1000.0 
-1000.0 -1000.0 -0.08930314136838294 -0.08600058659514206 -0.15250070163991267 -0.19510741632719814 -1000.0 -1000.0 
-1000.0 -1000.0 -0.2202896074956429 -0.12146257634214905 -0.1434281099549039 -0.0816033276486287 -1000.0 -1000.0 
-1.0 -1.0 -1.0 -1.0 -1.0 -1.0 -1.0 -1.0 
-1000.0 -1000.0 -1000.0 0.09999999999999995 -0.1592529014255463 -0.14428290952716286 -0.023049556075147106 -1000.0 
-1000.0 -1000.0 -1000.0 -0.09999999999999995 -0.20227505955977387 -0.12240851133846575 -0.05102929587809583 -1000.0 
-1000.0 -1000.0 -1000.0 -0.14783662318406804 -0.1262614754585108 -0.06998334754184367 -0.12746112645393126 -1000.0 
-1000.0 -1000.0 -1000.0 -0.12854374652881692 -0.1650045601558519 -0.1990001913692596 -0.04873772731945503 -1000.0 
-1000.0 -1000.0 0.09999999999999995 -1000.0 -0.03496565863732375 -0.12247790916754318 -0.05124544088877673 -1000.0 
-1000.0 -1000.0 -0.09999999999999995 -0.10000000000000006 -0.10845999406046569 -0.06656648062024392 -0.036516938449988406 -1000.0 
-1000.0 -1000.0 -0.14068611680961876 -0.10994194650449762 -0.1741497633159435 -0.020578229062234814 -0.20877264290458858 -1000.0 
-1000.0 -1000.0 -0.12434157887568328 -0.10226771652824729 -0.08547148564562657 -0.15539026963263322 -0.1006061856648131 -1000.0 
-1000.0 -1000.0 -0.13623527348137776 -0.10395189826218346 -0.1476019480948782 -0.13080266183457695 -0.16027734864907173 -1000.0 
-1000.0 -1000.0 -0.10000000000000006 -1000.0 -0.02533811706419552 -0.1280538954972279 -0.06878805530716059 -1000.0 
-1000.0 -1000.0 -0.1183579159036052 -0.14410218622541884 -0.13160124781941532 -0.05289918479671773 -0.18413349239871907 -1000.0 
-1000.0 -1000.0 -0.10506818658875569 -0.12878002162743316 -0.04137491169281672 -0.19452647711552637 -0.15204861510643625 -1000.0 
-1000.0 -1000.0 -0.10967814867306216 -0.12670940556994756 0.02577667071404682 -0.044807801053713285 0.08266785214287259 -1000.0 
-1000.0 -1000.0 -0.1121981578191415 -0.06642020354323883 -0.13782701039848527 -0.16066868863077854 -0.1485974691430612 -1000.0 
-1000.0 -1000.0 -0.13541538687920474 -1000.0 -0.1268955602177236 -0.015417913500070686 -0.12473799594089835 -1000.0 
-1000.0 -1000.0 -0.10082900682183929 -0.12589780276493212 -0.02322559094876951 -0.1401414306344454 -0.11129998464142951 -1000.0 
-1000.0 -1000.0 -0.13567155216974103 -0.12031591635367395 -0.16295262029473004 -0.10286836756765809 -0.13194621636378115 -1000.0 
-1000.0 -1000.0 -0.09835268784383028 -0.09731441167295271 -0.1556926254825311 -0.15647661118634326 -0.09325834406769302 -1000.0 
-1000.0 -1000.0 -0.1731949686027864 -0.1630347877185505 -0.19416958174530202 -0.18972197959744505 -0.05387136553300687 -1000.0 
-1000.0 -1000.0 -0.11953191496982224 -1000.0 -0.018613400954093338 -0.07062606503261706 -0.12696570026660303 -1000.0 
-1000.0 -1000.0 -0.11116212634356519 -0.16948158199144694 -0.0812344406056022 0.024863765706994882 -0.06789477158230209 -1000.0 
-1000.0 -1000.0 -0.10401762566341605 -0.0981925505524538 -0.1990912518084318 -0.07457341170715677 -0.17850213356403738 -1000.0 
-1000.0 -1000.0 -0.16537780942597433 -0.12778229452366624 -0.15218944451903604 -0.144697518326186 -0.17179920717176703 -1000.0 
-1000.0 -1000.0 -0.15218559588099007 -0.13158326500874984 -0.14272155720741614 -0.06824246427041832 -0.14195091827824674 -1000.0 
-1.0 -1.0 -1.0 -1.0 -1.0 -1.0 -1.0 -1.0 
-1000.0 -0.04713099958892392 -1000.0 -1000.0 -1000.0 -1000.0 -1000.0 -1000.0 
-1000.0 -0.12724534835277765 -1000.0 -1000.0 -1000.0 -1000.0 -1000.0 -1000.0 
-1000.0 -0.1593222949496754 -1000.0 -1000.0 -1000.0 -1000.0 -1000.0 -1000.0 
-1000.0 0.10000000000000006 -1000.0 -1000.0 -1000.0 -1000.0 -1000.0 -1000.0 
-0.08961172882920251 -1000.0 -1000.0 -1000.0 -1000.0 -1000.0 -1000.0 -1000.0 
-0.10220681375274716 -0.1812987000863944 -1000.0 -1000.0 -1000.0 -1000.0 -1000.0 -1000.0 
-0.16480517207036952 -0.16929799669252618 -1000.0 -1000.0 -1000.0 -1000.0 -1000.0 -1000.0 
0.05416791075553157 -0.14989188876912504 -1000.0 -1000.0 -1000.0 -1000.0 -1000.0 -1000.0 
-0.20756817380099812 -0.19788479242938017 -1000.0 -1000.0 -1000.0 -1000.0 -1000.0 -1000.0 
-0.19191611674338152 -1000.0 -1000.0 -1000.0 -1000.0 -1000.0 -1000.0 -1000.0 
-0.11732860564305417 -0.12420857998603134 -1000.0 -1000.0 -1000.0 -1000.0 -1000.0 -1000.0 
-0.08140320058049354 0.04229081326289879 -1000.0 -1000.0 -1000.0 -1000.0 -1000.0 -1000.0 
-0.15708946214574926 -0.18248377988529205 -1000.0 -1000.0 -1000.0 -1000.0 -1000.0 -1000.0 
-0.10946816716362506 -0.04480050166685077 -1000.0 -1000.0 -1000.0 -1000.0 -1000.0 -1000.0 
-0.09610823481087821 -1000.0 -1000.0 -1000.0 -1000.0 -1000.0 -1000.0 -1000.0 
-0.09979854691944609 -0.15077058606826962 -1000.0 -1000.0 -1000.0 -1000.0 -1000.0 -1000.0 
-0.10771114407301705 -0.15525018451913514 -1000.0 -1000.0 -1000.0 -1000.0 -1000.0 -1000.0 
-0.1319947832518955 -0.15719798441371996 -1000.0 -1000.0 -1000.0 -1000.0 -1000.0 -1000.0 
-0.10068144193865378 -0.19889607694188005 -1000.0 -1000.0 -1000.0 -1000.0 -1000.0 -1000.0 
0.10000000000000006 -1000.0 -1000.0 -1000.0 -1000.0 -1000.0 -1000.0 -1000.0 
-0.19810000000000008 -0.13249492347932287 -1000.0 -1000.0 -1000.0 -1000.0 -1000.0 -1000.0 
-0.038870824037007666 -0.11011961073144524 -1000.0 -1000.0 -1000.0 -1000.0 -1000.0 -1000.0 
-0.15697598666606544 -0.12575014224679024 -1000.0 -1000.0 -1000.0 -1000.0 -1000.0 -1000.0 
-0.1666960873354824 -0.09975744140465187 -1000.0 -1000.0 -1000.0 -1000.0 -1000.0 -1000.0 
-1.0 -1.0 -1.0 -1.0 -1.0 -1.0 -1.0 -1.0 
-1000.0 -0.1540066844998339 -1000.0 -0.14337162934880757 -0.212863007335045 -1000.0 -1000.0 -1000.0 
-1000.0 -0.1517355428158814 -1000.0 -0.1411415645136057 -0.18754819858257343 -1000.0 -1000.0 -1000.0 
-1000.0 -0.018146307712431912 -1000.0 -0.02180898140363095 -0.16533707973267261 -1000.0 -1000.0 -1000.0 
-1000.0 0.09999999999999995 -1000.0 0.10000000000000006 -0.137277811182145 -1000.0 -1000.0 -1000.0 
-0.023051843154788337 -1000.0 -0.08617990169590987 -1000.0 -0.206663843599682 -1000.0 -1000.0 -1000.0 
-0.10532286250661763 -0.12680437998301688 -0.10624238036053672 -0.12671627286213805 -0.14989802283700818 -1000.0 -1000.0 -1000.0 
-0.04126087601076435 -0.06354430221914219 -0.027731819202053455 -0.05212296764075322 -0.13596980900458314 -1000.0 -1000.0 -1000.0 
0.07108824605230853 -0.16389974843454416 -0.0023769342819435386 -0.16625183395430096 -0.11547264123274106 -1000.0 -1000.0 -1000.0 
-0.18001387071410027 -0.10900000000000004 -0.1474760670469154 -0.10900000000000004 -0.050994659353024226 -1000.0 -1000.0 -1000.0 
-0.12170786420546126 -1000.0 -0.11595479325942314 -1000.0 -0.167961882591704 -1000.0 -1000.0 -1000.0 
-0.04264869570090496 -0.031435663461692916 -0.025745330692566515 -0.013801501616085001 -0.05252629332412244 -1000.0 -1000.0 -1000.0 
-0.01721226537060775 0.06888817366285957 -0.010741535529289192 -0.07107297778878124 -0.1194815777491613 -1000.0 -1000.0 -1000.0 
-0.07812063407249813 -0.15703989173378308 -0.02482791333949897 -0.1779325783668818 -0.09770923698773347 -1000.0 -1000.0 -1000.0 
-0.19373458718629433 -0.02291219649302864 -0.20493097762558737 -0.052463422760936546 -0.15948470033043627 -1000.0 -1000.0 -1000.0 
-0.01632419283913956 -1000.0 -0.02008769258300433 -1000.0 -0.09938167275472401 -1000.0 -1000.0 -1000.0 
-0.19767533997349435 -0.1008312299728722 -0.19511638135384257 0.058103334014215975 -0.10214374797768738 -1000.0 -1000.0 -1000.0 
-0.13177992413398187 -0.06377143403557904 -0.15298647731031237 -0.12135770636813503 -0.09957951244034172 -1000.0 -1000.0 -1000.0 
-0.20513723231780856 -0.20158528127372555 -0.21292623614936118 -0.19229500877639802 -0.11585127509593576 -1000.0 -1000.0 -1000.0 
-0.18119792321168351 -0.12452261848614093 -0.17522063808964178 -0.1157760277119483 -0.1404591525586235 -1000.0 -1000.0 -1000.0 
0.10000000000000006 -1000.0 0.09999999999999995 -1000.0 -0.1492367376491575 -1000.0 -1000.0 -1000.0 
-0.10900000000000007 -0.13846477269915627 -0.10900000000000007 -0.13241524905207244 0.06024601871404139 -1000.0 -1000.0 -1000.0 
-0.15561125257801467 -0.2011981607193963 -0.1166582885806856 -0.2093478205543771 -0.19064142405842052 -1000.0 -1000.0 -1000.0 
-0.13802861519712842 -0.18802594560511718 -0.17637638030021285 -0.18871801982152725 -0.19609923840591514 -1000.0 -1000.0 -1000.0 
-0.033809275338520996 -0.030956746408037885 -0.03867996694282185 -0.03991722323009546 -0.11188004553746753 -1000.0 -1000.0 -1000.0 
-1.0 -1.0 -1.0 -1.0 -1.0 -1.0 -1.0 -1.0 
-1000.0 -0.05059563091126701 -1000.0 -0.22799970303129874 -1000.0 -0.009999999999999955 -1000.0 -1000.0 
-1000.0 -0.18079052214841607 -1000.0 -0.0921175940279639 -1000.0 -0.11570336326197396 -1000.0 -1000.0 
-1000.0 -0.11288355555739457 -1000.0 0.10000000000000006 -1000.0 -0.10926106875546654 -1000.0 -1000.0 
-1000.0 0.10000000000000006 -1000.0 -0.12267709844525258 -1000.0 -0.12176446652378228 -1000.0 -1000.0 
-0.03632410611823049 -1000.0 -0.17234882330456872 -1000.0 -1000.0 -0.009999999999999955 -1000.0 -1000.0 
-0.11567218415704421 -0.11043758272305348 -0.16940801913583028 -0.028126946614930162 -1000.0 -0.06513640381085686 -1000.0 -1000.0 
-0.043152039851937815 -0.06852876429677357 -0.1842721353047841 -0.18674140172584525 -1000.0 -0.10212853224909471 -1000.0 -1000.0 
-0.023257909997245273 -0.19413611673949951 -0.20470863058453748 -0.11404051462422601 -1000.0 -0.10131497859619087 -1000.0 -1000.0 
-0.2054293807686585 -0.11502946601414879 -0.19778331337266694 -0.10563879672718421 -1000.0 -0.05963025426035563 -1000.0 -1000.0 
-0.15994668167955536 -1000.0 -0.013510518509618045 -1000.0 -1000.0 -0.10090251903097588 -1000.0 -1000.0 
-0.15916366524404732 -0.023424171861907827 -0.03921605278829265 0.06716449006541846 -1000.0 -0.11103030442857947 -1000.0 -1000.0 
-0.18105164792876108 -0.004455005954934525 -0.20076920520499983 -0.17661747042961737 -1000.0 -0.10602791754498575 -1000.0 -1000.0 
-0.20408288698175242 -0.20933283572160968 -0.1382774646218596 -0.043881503206526916 -1000.0 -0.10463256728669254 -1000.0 -1000.0 
-0.20730418525265548 -0.01028662919861771 -0.11083347234771174 -0.11427775141775554 -1000.0 -0.15382415852631703 -1000.0 -1000.0 
-0.023580960168554495 -1000.0 0.09999999999999995 -1000.0 -1000.0 -0.10941491423920263 -1000.0 -1000.0 
0.017133993628779577 -0.20187719974368162 -0.11403872646905219 -0.20188911324446934 -1000.0 -0.1571396069811857 -1000.0 -1000.0 
-0.1470560358558934 -0.21033431316273027 -0.028735723497575392 -0.18601978432293143 -1000.0 -0.1569426685289012 -1000.0 -1000.0 
-0.15391595527935592 -0.20275912726963063 -0.17329459578933074 -0.16311228008399026 -1000.0 -0.2057894967390601 -1000.0 -1000.0 
-0.14930021752658687 -0.16901920845145343 -0.08652362426920142 -0.16251082904801564 -1000.0 -0.15463091072412088 -1000.0 -1000.0 
0.10000000000000006 -1000.0 -0.11058585985531857 -1000.0 -1000.0 -0.12338778344150844 -1000.0 -1000.0 
-0.12748001506217055 -0.18850511618415153 -0.09243244730586228 -0.14657866839459535 -1000.0 -0.0655343974786546 -1000.0 -1000.0 
-0.011332339738616673 -0.15656876604688477 -0.10503636708937883 -0.15086405679498516 -1000.0 -0.12185666355101907 -1000.0 -1000.0 
-0.10922506860828678 -0.14548282844386762 -0.03755907518522219 -0.014323381461518524 -1000.0 -0.1802361635087098 -1000.0 -1000.0 
-0.08841501297327164 -0.015254447031157818 -0.13095504916261627 -0.02471708824228306 -1000.0 -0.10749566442972583 -1000.0 -1000.0 
-1.0 -1.0 -1.0 -1.0 -1.0 -1.0 -1.0 -1.0 
-1000.0 -0.18080088767246144 -1000.0 -0.17493319376588265 -0.1403634611004127 -1000.0 -0.09999999999999995 -1000.0 
-1000.0 -0.12957610599649533 -1000.0 0.10000000000000006 -0.1240050537039909 -1000.0 -0.22513316977934805 -1000.0 
-1000.0 -0.18497535147529426 -1000.0 -0.15029201592213806 -0.052840084682859265 -1000.0 -0.15583651703426996 -1000.0 
-1000.0 0.10000000000000006 -1000.0 -0.2026082576053713 -0.15178280084293974 -1000.0 -0.12969416113031107 -1000.0 
-0.0239227262281747 -1000.0 -0.042100377141423465 -1000.0 -0.12272161468422979 -1000.0 -0.10000000000000006 -1000.0 
-0.17301329374661334 -0.2235930957545369 0.07455712679704476 -0.15235102740036194 -0.042075466450355564 -1000.0 -0.10592440844209558 -1000.0 
-0.03537565031938339 -0.042357962543782386 -0.1702554671684735 -0.05227188185237142 -0.037901380633158226 -1000.0 -0.10976392236728999 -1000.0 
0.052740655370357006 -0.1734404778371298 -0.18169835809653523 -0.10912378099466993 -0.16484137187885395 -1000.0 -0.10823229746778754 -1000.0 
-0.13783007653867504 -0.03153111439701559 -0.16368603964829792 -0.18339676642331215 -0.1820826067119079 -1000.0 -0.1107570998995994 -1000.0 
-0.11909528624694911 -1000.0 0.09999999999999995 -1000.0 -0.12489518163399949 -1000.0 -0.14249946803150276 -1000.0 
-0.04022839546663534 -0.031050188380401546 -0.17063769944828971 -0.14494764072848346 -0.07046494193548641 -1000.0 -0.10565913071987154 -1000.0 
-0.1695736007838922 0.08972823892290438 -0.19097021768868083 -0.07510181247876462 -0.19932166432799275 -1000.0 -0.05603768189899802 -1000.0 
-0.15051023529227578 -0.142248336119959 -0.13870630025660657 -0.17397184484837994 -0.09533507830990198 -1000.0 -0.04736788567766417 -1000.0 
-0.1026262165481163 -0.07583102290159259 -0.14197157060133447 -0.012327375857096782 -0.1428237800079975 -1000.0 -0.10760633788694797 -1000.0 
-0.04923655741475218 -1000.0 -0.03721474459002325 -1000.0 -0.046123975971466204 -1000.0 -0.13175198589806647 -1000.0 
0.029836952359497775 -0.12620106825175464 -0.10893729420422274 -0.1656006099947622 -0.13805104347785066 -1000.0 -0.1266511960197536 -1000.0 
-0.19839529395831357 -0.1475178970675109 -0.20856511864557806 -0.1272383623347769 -0.11017833460912897 -1000.0 -0.17949405613037744 -1000.0 
-0.1296236533172137 -0.2017099299281967 -0.05612342073172998 -0.025684611022160266 -0.15160952803514124 -1000.0 -0.15493958505121572 -1000.0 
-0.15241786397720203 -0.1349599095254895 -0.15089485464481697 -0.1898007433152205 -0.18311308634056572 -1000.0 -0.15586730848751185 -1000.0 
0.10000000000000006 -1000.0 -0.03120390177698442 -1000.0 -0.029952977612235962 -1000.0 -0.1261744356103226 -1000.0 
-0.17519034063680472 -0.18159428926182936 -0.18186105848454143 -0.16330049578277936 0.01123645968779581 -1000.0 -0.08874285293627213 -1000.0 
-0.18134096239576875 -0.1370467085258892 -0.01524671543837841 -0.0369868161201861 -0.06954759805381204 -1000.0 -0.13463005219172017 -1000.0 
-0.12539782481288422 -0.13407952910548088 0.002540894349126622 0.027976691084629596 -0.12014156903260484 -1000.0 -0.18957642305754668 -1000.0 
-0.15430915584166705 -0.05220278416639305 -0.14173514748782096 -0.18409418606713426 -0.09432116218446213 -1000.0 -0.12708411266114641 -1000.0 
-1.0 -1.0 -1.0 -1.0 -1.0 -1.0 -1.0 -1.0 
-1000.0 -0.04215139043141129 -1000.0 0.10000000000000006 -0.028938884243050775 -0.015185981542167075 -1000.0 -0.10000000000000006 
-1000.0 -0.120794550240616 -1000.0 -0.04018127465437778 -0.19518298336123288 -0.20810919883923937 -1000.0 -0.09999999999999995 
-1000.0 -0.11307381276553005 -1000.0 -0.031398235624249024 -0.10510257665625529 -0.12118979030076285 -1000.0 -0.09999999999999995 
-1000.0 0.09999999999999995 -1000.0 -0.12491989469154671 -0.10841795039326535 -0.11829204728409815 -1000.0 -0.10000000000000006 
-0.04505485100870387 -1000.0 0.09999999999999995 -1000.0 -0.01275010084970721 -0.02066197284917776 -1000.0 -0.10000000000000006 
-0.10456108685006876 -0.11865853339317275 -0.011762085967521107 -0.047582574819713765 -0.12585898246605842 -0.032643758948143066 -1000.0 -0.09999999999999995 
-0.014259459065495384 -0.06191752355209303 -0.07067362854708588 -0.16205530526399237 -0.1699261841789914 -0.10939030628993737 -1000.0 -0.10000000000000006 
0.0678915467337683 -0.12961360001020322 -0.12399123791242148 -0.12352567298608305 -0.12482173462387693 -0.09368425780579473 -1000.0 -0.10000000000000006 
-0.11846848206228197 -0.012946196342112025 -0.1581526269867215 -0.06855286559786077 -0.08321533265838676 -0.08821335109663689 -1000.0 -0.10000000000000006 
-0.11980551357117436 -1000.0 -0.028570335199755135 -1000.0 -0.05181850382797545 -0.07516668881526216 -1000.0 -0.10000000000000006 
-0.13217569249220465 -0.026965115639358977 -0.17804457153314326 -0.11350563148418054 -0.12734801045466934 -0.13073830004965278 -1000.0 -0.09999999999999995 
-0.02276808711047846 -0.021454936265062112 -0.11876314056528722 -0.080572974643071 -0.11772493135054672 -0.12072661453657484 -1000.0 -0.10000000000000006 
-0.19477940154547074 -0.11298226613409272 -0.06520746865637213 -0.023804340837804798 -0.13506965600477633 -0.0837521305830559 -1000.0 -0.10000000000000006 
-0.14135581097396213 -0.046273320609829804 -0.11578298813299662 0.05490799503728504 -0.132153450213115 -0.095797272388769 -1000.0 -0.10000000000000006 
-0.021334340781838004 -1000.0 -0.04136111902095324 -1000.0 -0.04490215377575002 -0.10446243500757871 -1000.0 -0.09999999999999995 
-0.054557171884441834 0.06519477312454466 -0.11196519381820393 -0.11654448040871519 -0.18872405918169505 -0.14462546168338541 -1000.0 -0.10000000000000006 
-0.1549402050843812 -0.15899615933611727 -0.05147102318156355 -0.10311841722340388 -0.11146737644976559 -0.061402711525987114 -1000.0 -0.09999999999999995 
-0.16925941507331968 -0.12324606605680351 0.04759109323075367 0.014380762138109765 -0.19084429618999083 -0.19389804075020134 -1000.0 -0.09999999999999995 
-0.1527239901835764 -0.12121220100484167 -0.12847287121629472 -0.1976014640563248 -0.1582977650436054 -0.05910450371934237 -1000.0 -0.09944229341488312 
0.09999999999999995 -1000.0 -0.12036568423443166 -1000.0 -0.06690318105164156 -0.13888371138118566 -1000.0 -0.10000000000000006 
-0.018089647829091768 -0.16341340525765516 -0.1337020614292662 -0.036831869626299675 0.04432786983386771 -0.002494711719535407 -1000.0 -0.10000000000000006 
-0.015060132539383252 -0.17946452096632604 0.07082101253396236 -0.057755248645823536 -0.16731679075890657 -0.12598282719211576 -1000.0 -0.09999999999999995 
-0.12593611136069316 -0.15197680783836973 -0.20871894632412305 -0.15051885993546188 -0.11157243777205511 -0.12308756871115749 -1000.0 -0.10000000000000006 
-0.09437284517737271 -0.10088383381636967 -0.1446711730446267 -0.15180814360087042 -0.06076794592456575 -0.14952183049764275 -1000.0 -0.10000026871901307 
-1.0 -1.0 -1.0 -1.0 -1.0 -1.0 -1.0 -1.0 
-1000.0 -0.1575654057772205 -1000.0 -1000.0 -0.10900000000000006 -1000.0 -1000.0 -1000.0 
-1000.0 -0.1428332896291213 -1000.0 -1000.0 -0.1537352337946607 -1000.0 -1000.0 -1000.0 
-1000.0 0.09999999999999995 -1000.0 -1000.0 -0.13435146959046068 -1000.0 -1000.0 -1000.0 
-1000.0 -0.2122007883247578 -1000.0 -1000.0 -0.016249441360632968 -1000.0 -1000.0 -1000.0 
-0.11254885590097927 -1000.0 -1000.0 -1000.0 -0.10900000000000004 -1000.0 -1000.0 -1000.0 
-0.11133190768550859 -0.10574087795845619 -1000.0 -1000.0 -0.15248978730678622 -1000.0 -1000.0 -1000.0 
-0.09806157979421665 -0.10830332715116625 -1000.0 -1000.0 -0.1277040282636585 -1000.0 -1000.0 -1000.0 
-0.1046267269036214 -0.20657607925971502 -1000.0 -1000.0 -0.06905707788304057 -1000.0 -1000.0 -1000.0 
-0.1099748260547948 -0.16345893686377055 -1000.0 -1000.0 -0.1633615774416697 -1000.0 -1000.0 -1000.0 
-0.14805316731373047 -1000.0 -1000.0 -1000.0 -0.01610746327354457 -1000.0 -1000.0 -1000.0 
0.032612537816596086 -0.09629789345411585 -1000.0 -1000.0 -0.06834872327674743 -1000.0 -1000.0 -1000.0 
-0.19198393643642234 -0.15409960057274322 -1000.0 -1000.0 -0.035956129821575505 -1000.0 -1000.0 -1000.0 
-0.19118610264471286 -0.16117439977370837 -1000.0 -1000.0 -0.007486181959305636 -1000.0 -1000.0 -1000.0 
-0.1505617160727952 -0.027263839056185103 -1000.0 -1000.0 -0.15380589618522397 -1000.0 -1000.0 -1000.0 
0.09999999999999995 -1000.0 -1000.0 -1000.0 -0.11627115571430865 -1000.0 -1000.0 -1000.0 
-0.21572447837458866 -0.12659919732374839 -1000.0 -1000.0 -0.0213947306054634 -1000.0 -1000.0 -1000.0 
-0.18633606097146077 -0.11811639931875353 -1000.0 -1000.0 0.05519201844028648 -1000.0 -1000.0 -1000.0 
-0.1524244270339421 -0.10858781109711764 -1000.0 -1000.0 -0.0482349382170687 -1000.0 -1000.0 -1000.0 
-0.1323993988471907 -0.10662722142848655 -1000.0 -1000.0 -0.20357186320182546 -1000.0 -1000.0 -1000.0 
-0.2049613043848075 -1000.0 -1000.0 -1000.0 -0.013539248154363187 -1000.0 -1000.0 -1000.0 
-0.16141806309207637 -0.19598917576156225 -1000.0 -1000.0 -0.19967077014257084 -1000.0 -1000.0 -1000.0 
-0.11321599313980982 -0.16912888900549164 -1000.0 -1000.0 -0.1517931615310186 -1000.0 -1000.0 -1000.0 
-0.10603049876680257 -0.14856023917365851 -1000.0 -1000.0 -0.21899806141051564 -1000.0 -1000.0 -1000.0 
-0.05851045910234164 0.06232834864383034 -1000.0 -1000.0 -0.18156596218461304 -1000.0 -1000.0 -1000.0 
-1.0 -1.0 -1.0 -1.0 -1.0 -1.0 -1.0 -1.0 
-1000.0 -0.050381225176551414 -1000.0 -0.12959955640533388 -1000.0 -0.01000000000000005 -1000.0 -1000.0 
-1000.0 -0.16587223814337893 -1000.0 -0.041889332312138504 -1000.0 -0.10634538362470719 -1000.0 -1000.0 
-1000.0 0.09999999999999995 -1000.0 -0.13423504775869405 -1000.0 -0.11216783305669883 -1000.0 -1000.0 
-1000.0 -0.1411864224193354 -1000.0 0.09999999999999995 -1000.0 -0.1176008916507691 -1000.0 -1000.0 
-0.03918016354865334 -1000.0 -0.0997913724104974 -1000.0 -1000.0 -0.01000000000000005 -1000.0 -1000.0 
-0.1813025847372524 -0.18146240195670077 -0.16112834742990279 -0.06454073916990133 -1000.0 -0.13604152018175525 -1000.0 -1000.0 
0.0775000469301253 -0.2051316970425518 -0.12237652295437311 -0.1779538616195415 -1000.0 -0.10143559541154085 -1000.0 -1000.0 
-0.21844307233068425 -0.14279341772672238 -0.07658079158468506 -0.14736621892297164 -1000.0 -0.1597350848870962 -1000.0 -1000.0 
-0.1876370979852841 -0.1459167829647967 -0.11520124722222427 -0.15929343916176786 -1000.0 -0.0719824398547442 -1000.0 -1000.0 
-0.03352531713906662 -1000.0 -0.05959689926689391 -1000.0 -1000.0 -0.1069663479212126 -1000.0 -1000.0 
-0.013895995129273406 -0.09068625065347648 -0.12214576779772907 -0.08705282172214486 -1000.0 -0.10623282811015922 -1000.0 -1000.0 
-0.19657382042066984 -0.1051059462385322 0.04506305331364779 -0.06556657430018431 -1000.0 -0.10410553618904098 -1000.0 -1000.0 
-0.1746467790201935 -0.12022383595007509 -0.18375015839412154 -0.10964398460644512 -1000.0 -0.11987502811692533 -1000.0 -1000.0 
-0.06753664950112823 -0.12950343940796918 -0.20503641693033553 -0.10992047214585986 -1000.0 -0.22107314891999807 -1000.0 -1000.0 
0.10000000000000006 -1000.0 -0.04172193269985639 -1000.0 -1000.0 -0.12467797582530578 -1000.0 -1000.0 
-0.1360057452427199 -0.19336710531415235 0.012937756218919017 -0.029313666675647377 -1000.0 -0.14701377517751335 -1000.0 -1000.0 
-0.1320671640133408 -0.20652909951022444 -0.17863562306849934 -0.20065844047069611 -1000.0 -0.09515934832668685 -1000.0 -1000.0 
-0.07064684228566394 -0.03265306619306648 -0.1952176261504138 -0.19656798266035808 -1000.0 -0.20743205300381623 -1000.0 -1000.0 
-0.14449480962563382 -0.12898205090803877 -0.07455661020307222 -0.07784558946208321 -1000.0 -0.21245781257897103 -1000.0 -1000.0 
-0.1342997268186764 -1000.0 0.09999999999999995 -1000.0 -1000.0 -0.12970641505008715 -1000.0 -1000.0 
-0.14930151137459405 -0.17656023986412345 -0.14992361062894294 -0.15984249168134712 -1000.0 -0.0936700915461158 -1000.0 -1000.0 
-0.0839456985236485 -0.08053692429292253 -0.13606995102385974 -0.16327066047932579 -1000.0 -0.1551745830863982 -1000.0 -1000.0 
-0.18384187484957917 -0.012027938657545962 -0.05042640020030686 -0.07978829314272592 -1000.0 -0.20795276188342782 -1000.0 -1000.0 
-0.10952701855698416 0.0780799891296014 -0.12458903518562486 -0.05567583229253868 -1000.0 -0.11359786673858178 -1000.0 -1000.0 
-1.0 -1.0 -1.0 -1.0 -1.0 -1.0 -1.0 -1.0 
-1000.0 -0.06234853477493472 -1000.0 -0.010400347296317319 -0.042830340405149714 -0.09999999999999995 -1000.0 -1000.0 
-1000.0 -0.18725169999536745 -1000.0 -0.19607627815872766 -0.041699746153356934 -0.20722250337647977 -1000.0 -1000.0 
-1000.0 0.10000000000000006 -1000.0 0.10000000000000006 -0.1293904176266811 -0.16174912500454414 -1000.0 -1000.0 
-1000.0 -0.1480691258636044 -1000.0 -0.12989526236776694 -0.049320048945614814 -0.13772366886176235 -1000.0 -1000.0 
-0.05768572937209057 -1000.0 -0.01025407437670705 -1000.0 -0.042961685262131524 -0.09999999999999995 -1000.0 -1000.0 
-0.1371509071863465 -0.15520993552997916 -0.12922193534768295 -0.14898753673481765 -0.046321207051079866 -0.10400911465794363 -1000.0 -1000.0 
-0.08001597476524028 -0.15013598377367665 -0.12165216376238958 -0.1538283721576366 -0.20477717320277317 -0.13348773028519023 -1000.0 -1000.0 
-0.16045855987973914 -0.12746456534802156 -0.14512274194340713 -0.1292282015842004 -0.1301987883777048 -0.10503751721065666 -1000.0 -1000.0 
-0.19408343948457743 -0.06953512294233122 -0.19079205470789345 -0.05049790648331952 -0.14984749772572162 -0.1285700670044779 -1000.0 -1000.0 
-0.05695663458863739 -1000.0 -0.011536710886925731 -1000.0 -0.08299572311032816 -0.18465006327750483 -1000.0 -1000.0 
0.09213533620063946 -0.047548001026854296 -0.09624818495490489 -0.09233069985752607 -0.18566216027606036 -0.10235901538265385 -1000.0 -1000.0 
-0.08706912167156451 -0.15665343914765228 -0.08266366036521487 -0.14251491674064118 -0.1265473769713848 -0.07435729924709504 -1000.0 -1000.0 
-0.14310892112832163 -0.12601032740063112 -0.13818751516173455 -0.12489566496631434 0.030750430282933772 -0.06787309905768153 -1000.0 -1000.0 
-0.1121004316026131 -0.08347402900942995 -0.09225384243787789 -0.041139532265516324 -0.16334112515867333 -0.16385628397237606 -1000.0 -1000.0 
0.10000000000000006 -1000.0 0.09999999999999995 -1000.0 -0.12272349593924999 -0.13120006865286954 -1000.0 -1000.0 
-0.14685586318887395 -0.1535256694183324 -0.13593066890733513 -0.15529027384068247 -0.1184474495520816 -0.13029371702103004 -1000.0 -1000.0 
-0.12552384363638658 -0.18732490697392679 -0.13178276176171344 -0.1991015140326099 -0.20411931188250118 -0.15504541701033947 -1000.0 -1000.0 
-0.01133571149944154 -0.05422477063230203 -0.047030807390203905 -0.06141100226746937 -0.09686240337199609 -0.13024428307900718 -1000.0 -1000.0 
-0.19310177642264353 -0.12765648292709786 -0.18936671091419993 -0.12345092449523487 -0.03700245402651337 -0.16364367745116065 -1000.0 -1000.0 
-0.12941750306460295 -1000.0 -0.12164476340301611 -1000.0 -0.10819038138538181 -0.13213887103610641 -1000.0 -1000.0 
-0.05460872166056016 -0.13636081152348484 -0.0417023086850382 -0.1312276570165612 -0.05442022243553963 -0.08857861377207424 -1000.0 -1000.0 
-0.05263122169478298 -0.1102753150614056 -0.022353626878272283 -0.0816390202141289 -0.17848292801015525 -0.13067382125680382 -1000.0 -1000.0 
-0.1589064123962855 -0.0697324558298102 -0.15802883731106393 -0.051428361272723724 -0.14270562847863924 -0.1873596527953769 -1000.0 -1000.0 
-0.17240402141526434 0.07676263094117391 -0.16040601725810844 -0.04876344563047468 -0.15626313952650112 -0.13793379653052318 -1000.0 -1000.0 
-1.0 -1.0 -1.0 -1.0 -1.0 -1.0 -1.0 -1.0 
-1000.0 -0.10347065711998321 -1000.0 -0.10910528670972436 -1000.0 -0.11814361344127955 -0.09999999999999995 -1000.0 
-1000.0 -0.13296696684772172 -1000.0 0.09999999999999995 -1000.0 -0.0444756754645112 -0.09999999999999995 -1000.0 
-1000.0 0.10000000000000006 -1000.0 -0.05057340291669802 -1000.0 -0.02932773956380698 -0.09999999999999995 -1000.0 
-1000.0 -0.032069348961106754 -1000.0 -0.19190637689281442 -1000.0 -0.12974888408750362 -0.09999999999999995 -1000.0 
-0.026853116440714007 -1000.0 -0.0330896375799883 -1000.0 -1000.0 -0.042704858422657366 -0.09999999999999995 -1000.0 
-0.16986933641710653 -0.13313845018799972 0.04455058411306044 -0.07275696359844938 -1000.0 -0.12136754549116685 -0.09999999999999995 -1000.0 
-0.08193613812510545 -0.07120288781198553 -0.15765072859541573 -0.04619314489113132 -1000.0 -0.1944033137052667 -0.09999999999999995 -1000.0 
-0.20634954340966677 -0.03907364889315445 -0.12424634991410945 -0.11436761371900835 -1000.0 -0.15875585686391433 -0.09999999999999995 -1000.0 
-0.1551237523347164 -0.11976301086208971 -0.05550424777763978 -0.1611995127998545 -1000.0 -0.16847414983825718 -0.10000000000000006 -1000.0 
-0.04002677623900029 -1000.0 0.10000000000000006 -1000.0 -1000.0 -0.09410750740607265 -0.10000000000000006 -1000.0 
0.04829906045271043 -0.1691942581356998 -0.024281882348726483 -0.1541817415985632 -1000.0 -0.1263850839953842 -0.10000000000000006 -1000.0 
-0.16881513943730625 -0.12965627548347314 -0.21722937666944264 -0.028884213457795595 -1000.0 -0.10167269777665588 -0.10000000000000006 -1000.0 
-0.12364656920705028 -0.026076100828894444 -0.10844127096633469 -0.1350948624854918 -1000.0 1.7451442891752017E-4 -0.10000000000000006 -1000.0 
-0.08378060030190547 -0.08959907581946225 -0.13199169383707776 -0.12216775893407834 -1000.0 -0.1558942165326918 -0.09999999657701675 -1000.0 
0.09999999999999995 -1000.0 -0.0340334644349343 -1000.0 -1000.0 -0.058867539971045546 -0.09999999999999995 -1000.0 
-0.1387817452690288 -0.2198227770336944 -0.1169036942445454 -0.11459994528879026 -1000.0 -0.126127979968355 -0.10000000000000006 -1000.0 
-0.20748514877598792 -0.14607524019806817 -0.17662225063330783 -0.016295423092694987 -1000.0 -4.496844902776159E-4 -0.09999999999999995 -1000.0 
-0.1038232631926765 -0.036146248774947376 -0.13816524302108052 -0.18641737977604053 -1000.0 -0.11709221482162187 -0.09999999999999995 -1000.0 
-0.11294548015441487 -0.19605078185083366 -0.0700240493692465 -0.052985216056942445 -1000.0 -0.13414349430654132 -0.09999999999999995 -1000.0 
-0.02981031635641372 -1000.0 -0.020386155813157628 -1000.0 -1000.0 -0.08974876016324265 -0.10000000000000006 -1000.0 
-0.13029020452678977 -0.11203765075950226 -0.1147860022476225 -0.07102602587935954 -1000.0 0.049476901879355085 -0.10000000000000006 -1000.0 
-0.1223116576193624 -0.08453851924850332 -0.12603571486827927 -0.08229973608225294 -1000.0 -0.043240965640618426 -0.09999999999999995 -1000.0 
-0.11671043907248975 -0.018062951099395777 -0.12712249612740706 0.05198448679345355 -1000.0 -0.12360446454265221 -0.10000000000000006 -1000.0 
-0.061068257148732256 0.06619734156464743 -0.1153782514305626 -0.16554219932757963 -1000.0 -0.14354437900629205 -0.10000000000000006 -1000.0 
-1.0 -1.0 -1.0 -1.0 -1.0 -1.0 -1.0 -1.0 
-1000.0 -0.10538211791227117 -1000.0 0.10000000000000006 -0.009999999999999955 -1000.0 -0.19806350677502207 -0.19810000000000008 
-1000.0 -0.1491379983119424 -1000.0 -0.17775991703054841 -0.013870678410880808 -1000.0 -0.04640680002604586 -0.02460994516009554 
-1000.0 0.09999999999999995 -1000.0 -0.13397703673793407 -0.11035902924236099 -1000.0 -0.13734513408000265 -0.12598064388875946 
-1000.0 -0.19720926833560484 -1000.0 -0.11479176713328856 -0.12186200250449752 -1000.0 -0.10676400743512857 -0.15245219903103877 
-0.02550801191966129 -1000.0 0.09999999999999995 -1000.0 -0.010000000000000057 -1000.0 -0.19809473929359583 -0.1947062459713265 
-0.13134148035303142 -0.16252452117355365 -0.19798436863364263 -0.14999810841714242 -0.03546752610711676 -1000.0 -0.23941160692586894 -0.2605470443763264 
0.07982494628653072 -0.1716145612559007 -0.13420043234101262 -0.19379157574629446 -0.11124274817033612 -1000.0 -0.12121089207750227 -0.16441716063543504 
-0.1425500151060079 -0.1696044116971313 -0.1212886593782922 -0.1595143609629889 -0.05242589644968033 -1000.0 -0.12561917121108374 -0.1461964957817448 
-0.13436037820894947 -0.19230945436642854 -0.16260250149090566 -0.1642052190089412 0.045227453363438135 -1000.0 -0.08725041004474948 -0.23442440269716747 
-0.07768932736526067 -1000.0 -0.19239067418581396 -1000.0 -0.010568847898085787 -1000.0 -0.0521727130722604 -0.042697665906961314 
0.08105360372180632 -0.04880407440981634 -0.18455656530974632 -0.12454636916668559 -0.11600838483583266 -1000.0 -0.13886701807150265 -0.12662279883318464 
-0.14136199074730965 -0.04987031245695476 -0.16518753321850307 -0.11266228809492652 -0.11599858228151962 -1000.0 -0.125715302251265 -0.16844768009503444 
-0.1737773790576772 -0.12207761314797648 -0.15956022768988012 -0.11656170344490206 -0.06719366069800607 -1000.0 -0.09852100458027781 0.03788804893360798 
-0.06325438480674776 -0.09665255779600943 -0.19556997858904548 -0.09073521060883874 -0.1961332549386049 -1000.0 -0.1138839132956315 -0.18058093909433098 
0.09999999999999995 -1000.0 -0.12401195146023497 -1000.0 -0.11069603841408518 -1000.0 -0.13845053029033227 -0.19779925160738376 
-0.1953295176135538 -0.13927651455199577 -0.10911873906234963 -0.03214493820393209 -0.11044271658387667 -1000.0 -0.11569615905530352 -0.11936451831085743 
-0.137454078645003 -0.13833883179430712 -0.11976909530325905 -0.14304833104186748 -0.15499427620608586 -1000.0 -0.12273629302851649 -0.1230091955010311 
-0.11753318234647957 -0.03156552163823751 -0.05793059803052732 0.0010679251809489823 -0.1476994273256889 -1000.0 -0.12678824119857549 -0.1438507713854812 
-0.1591529357239317 -0.1488004351364007 -0.06969765606742553 -0.13247717574188705 -0.13415144007665664 -1000.0 -0.11919776351641684 -0.11141567041002767 
-0.10957941030749392 -1000.0 -0.011141258932579615 -1000.0 -0.1160930126639945 -1000.0 -0.1047769766974595 -0.09218814558068833 
-0.17303638577598746 -0.20417163137586108 -0.12342089560027929 -0.08085285975609008 0.0546927181224317 -1000.0 -0.10668197690362538 -0.09920069103597134 
-0.1544707246602165 -0.0400615629450771 -0.02663908803120181 0.03645005717827792 -0.19129210237742117 -1000.0 -0.1083410860400382 -0.1011263850794678 
-0.14861548261415714 -0.04763175417638791 -0.13933086383435545 -0.11280519858099351 -0.01843924064509412 -1000.0 -0.1124133045979521 -0.12532929885985422 
-0.2709999999998318 -0.0521312423320679 -0.11810254987836759 -0.16331601869262038 -0.1421776 -1000.0 -0.09999999999999995 -0.10000000000000006 
-1.0 -1.0 -1.0 -1.0 -1.0 -1.0 -1.0 -1.0 
-1000.0 -0.1241302247807205 -1000.0 -1000.0 -0.149370459838236 -0.14424880138505194 -1000.0 -1000.0 
-1000.0 0.09999999999999995 -1000.0 -1000.0 -0.14319578457009188 -0.03902127445403429 -1000.0 -1000.0 
-1000.0 -0.009999999999999955 -1000.0 -1000.0 -0.016154878314949894 -0.1508171286164414 -1000.0 -1000.0 
-1000.0 -0.10001655372115623 -1000.0 -1000.0 -0.14491289525978937 -0.09813377437096393 -1000.0 -1000.0 
-0.1270230358597674 -1000.0 -1000.0 -1000.0 -0.15538666568542375 -0.11567903734177162 -1000.0 -1000.0 
-0.07315469815664478 -0.0741916625674221 -1000.0 -1000.0 -0.13322357412284913 -0.06611536968450277 -1000.0 -1000.0 
-0.1325184889512086 -0.009999999999999955 -1000.0 -1000.0 -0.03672135657856564 -0.12405866996674927 -1000.0 -1000.0 
-0.202145169741418 -0.022745478686621464 -1000.0 -1000.0 -0.15780858623615174 -0.06099725260973414 -1000.0 -1000.0 
-0.10675591527894074 -0.11387776761740975 -1000.0 -1000.0 -0.19614369307878632 -0.17621693436551886 -1000.0 -1000.0 
0.10000000000000006 -1000.0 -1000.0 -1000.0 -0.0969304720128272 -0.0129583921714233 -1000.0 -1000.0 
-0.009999999999999955 -0.14372524573519643 -1000.0 -1000.0 -0.15257670944573132 -0.12128836158705442 -1000.0 -1000.0 
-0.10475862070215497 -0.10152121135221304 -1000.0 -1000.0 -0.11167999303310078 -0.024177814315108036 -1000.0 -1000.0 
-0.14485732663894593 -0.10573589571967817 -1000.0 -1000.0 -0.0923339871973771 0.06042602621064673 -1000.0 -1000.0 
-0.12254475671235551 -0.11337520160649876 -1000.0 -1000.0 -0.10922471125459263 -0.22127107424183307 -1000.0 -1000.0 
-0.009999999999999955 -1000.0 -1000.0 -1000.0 -0.0143477634318114 -0.18066729201539466 -1000.0 -1000.0 
-0.0186321837018847 -0.13861518294757103 -1000.0 -1000.0 -0.15589020810631968 -0.13677078930180475 -1000.0 -1000.0 
-0.1026480105249424 -0.10905926278301953 -1000.0 -1000.0 0.007518139171105144 -0.1796263121078157 -1000.0 -1000.0 
-0.11411716930023602 -0.143484958927656 -1000.0 -1000.0 -0.19041269724016818 -0.19762071865084171 -1000.0 -1000.0 
-0.08234938650686216 -0.19419047820023572 -1000.0 -1000.0 -0.20196456494138676 -0.19755834477107664 -1000.0 -1000.0 
-0.10420385332318258 -1000.0 -1000.0 -1000.0 -0.01893541731351807 -0.012365474422584486 -1000.0 -1000.0 
-0.10159275252986139 -0.10594010994389111 -1000.0 -1000.0 -0.03926397039843905 0.01083153418224115 -1000.0 -1000.0 
-0.10309863354225884 -0.12857595507283162 -1000.0 -1000.0 -0.20254947128766218 -0.18808852603586176 -1000.0 -1000.0 
-0.1193883837162327 -0.01918155525412578 -1000.0 -1000.0 -0.18563419413442106 -0.17623742788061936 -1000.0 -1000.0 
-0.13342124792320123 -0.10651531693386071 -1000.0 -1000.0 -0.06361945337926717 -0.1406743055797376 -1000.0 -1000.0 
-1.0 -1.0 -1.0 -1.0 -1.0 -1.0 -1.0 -1.0 
-1000.0 -0.09970605620404555 -1000.0 -0.0565111013564069 -0.1587063133273175 -1000.0 -0.10000000000000006 -1000.0 
-1000.0 0.10000000000000006 -1000.0 -0.1419849787625415 -0.1240418260825285 -1000.0 -0.13785316286543295 -1000.0 
-1000.0 -0.04457857901407279 -1000.0 -0.06486954149104786 -0.01554899439550528 -1000.0 -0.11600483567957569 -1000.0 
-1000.0 -0.057490157764721404 -1000.0 0.09999999999999995 -0.198234810268829 -1000.0 -0.12771550020260033 -1000.0 
-0.10334197627859232 -1000.0 -0.010291475898326366 -1000.0 -0.12572687809512978 -1000.0 -0.09999999999999995 -1000.0 
-0.1340149107060235 -0.1498212158392655 -0.18251933933272996 -0.1833816675903032 -0.0360450653070571 -1000.0 -0.10467794819995557 -1000.0 
-0.17440016183904117 -0.07262519121359155 -0.139412766968236 -0.0879627075948144 -0.024253542742139356 -1000.0 -0.10591796754298069 -1000.0 
-0.13500862099901886 -0.02790972423585307 0.07550420393083135 -0.15198846804863994 -0.15765614588341628 -1000.0 -0.10002367902726958 -1000.0 
-0.1489592787163005 -0.19118566606283582 -0.1539670422118949 -0.030081882407528224 -0.10811143226829967 -1000.0 -0.11790661037704495 -1000.0 
0.09999999999999995 -1000.0 -0.12251790874176482 -1000.0 -0.12544472131739604 -1000.0 -0.13857870104094908 -1000.0 
-0.04113796417563976 -0.13638542248609883 -0.11222917167491182 -0.1396907698883246 -0.05593419511054684 -1000.0 -0.10425271585256093 -1000.0 
-0.11262431105596962 -0.04132313461037269 -0.19399202407954966 0.04268035034338182 -0.19342045168920408 -1000.0 -0.13236760231686917 -1000.0 
-0.1349251754717576 -0.15460392227977976 -0.10892575552454856 -0.14158276656990862 -0.10525742515851155 -1000.0 -0.10139148543637216 -1000.0 
-0.06195585275643051 -0.16609417513542654 -0.10302226822027612 -0.08658005406828641 -0.14308772806812253 -1000.0 -0.19145396249996777 -1000.0 
-0.01362983074800581 -1000.0 -0.09031471613194818 -1000.0 -0.05906531706522104 -1000.0 -0.1397580554304153 -1000.0 
-0.0445120516314111 -0.011194698461487877 -0.058536053664556345 -0.20091651690091403 -0.12056819644765969 -1000.0 -0.12215146611187572 -1000.0 
-0.18821731905457564 -0.12395275694220037 -0.18127187192991961 -0.0907351078872255 -0.13599209651330846 -1000.0 -0.12385355055166611 -1000.0 
-0.11357057105132601 -0.0993145098557008 -0.1532674360314923 -0.023026498776755864 -0.15557702874737933 -1000.0 -0.15134943893437142 -1000.0 
-0.14770230267771917 -0.15376825819611267 -0.16854556105034296 -0.1197638088082411 -0.1859582817544554 -1000.0 -0.1337250976287448 -1000.0 
-0.013487327379374957 -1000.0 0.09999999999999995 -1000.0 -0.10145079170726495 -1000.0 -0.15629479000552396 -1000.0 
-0.17570444752349623 -0.15941326490723218 -0.06171738332484667 -0.19225904123787352 0.09831864844807403 -1000.0 -0.08320232815852655 -1000.0 
-0.14731514360826206 -0.08979799541238848 -0.08536374644574356 -0.14893329141480963 -0.07457406909991487 -1000.0 -0.09332336661775145 -1000.0 
-0.09201964121163606 -0.09186037851263984 -0.14051925760536693 -0.14644768106116915 -0.12536389785943075 -1000.0 -0.13334602906536028 -1000.0 
-0.1604548706476966 -0.19057653638385452 -0.06960217683900811 -0.12403958072589033 -0.11434532549701848 -1000.0 -0.12728214421639042 -1000.0 
-1.0 -1.0 -1.0 -1.0 -1.0 -1.0 -1.0 -1.0 
-1000.0 -0.12061717235605662 -1000.0 -0.12551149157412028 -1000.0 -0.03755661205739469 -0.09999999999999995 -1000.0 
-1000.0 0.10000000000000006 -1000.0 -0.12921965623889303 -1000.0 -0.04321527989537928 -0.10000000000000006 -1000.0 
-1000.0 -0.08164815554464994 -1000.0 0.10000000000000006 -1000.0 -0.11830466457265496 -0.10000000000000006 -1000.0 
-1000.0 -0.20130137466026354 -1000.0 -0.08921966706800963 -1000.0 -0.14137314786936722 -0.09999999999999995 -1000.0 
-0.12465796067149898 -1000.0 -0.10409915332637859 -1000.0 -1000.0 -0.02222372773169575 -0.10000000000000006 -1000.0 
0.07252230470060458 -0.035045205115532135 -0.16870069599496046 -0.09250252459250406 -1000.0 -0.18958306214660303 -0.10000000000000006 -1000.0 
-0.13747837707170885 -0.0210940992094101 -0.09162941971450732 -0.04297954723225284 -1000.0 -0.133074023273096 -0.09999999999999995 -1000.0 
-0.12167639414797993 -0.05546401220681922 -0.1824000929385719 -0.046358015984045486 -1000.0 -0.04510945682851121 -0.10000000000000006 -1000.0 
-0.15997151898365994 -0.11029909123677842 -0.06704380056890699 -0.024603937988169185 -1000.0 -0.12081344234706246 -0.09999999999999995 -1000.0 
0.09999999999999995 -1000.0 -0.1246086371641215 -1000.0 -1000.0 -0.047371415172619155 -0.09999999999999995 -1000.0 
-0.022999734784883822 -0.0830937560127128 0.08501283734126955 -0.051298154408739235 -1000.0 -0.10182330520941463 -0.10000000000000006 -1000.0 
-0.18625297290370277 -0.05924999448334113 -0.1166472859121252 -0.09652793482569968 -1000.0 -0.03327814586422999 -0.10000000000000006 -1000.0 
-0.11582074881589306 -0.15882548507446426 -0.07602662953337333 -0.023156794432484088 -1000.0 -0.03759922953571765 -0.10000000000000006 -1000.0 
-0.10405483243151323 -0.1217267394478297 -0.12149748475893972 -0.14982361686921694 -1000.0 -0.11709987374522259 -0.09999999999999995 -1000.0 
-0.011818033365148034 -1000.0 0.09999999999999995 -1000.0 -1000.0 -0.11991608041556236 -0.09999999999999995 -1000.0 
-0.018577726472524037 -0.053051117087749775 -0.06984215913708379 -0.17761494194088823 -1000.0 -0.13881462757830015 -0.10000000000000006 -1000.0 
-0.11156857789475497 -0.09652150736316095 -0.16753185973726648 -0.02719467730367848 -1000.0 0.09091474963050444 -0.10000000000000006 -1000.0 
-0.08416450365892042 -0.13606963931567256 -0.12339222516307558 -0.10693243253854234 -1000.0 -0.1987764296895021 -0.10000000000000006 -1000.0 
-0.04563566245508637 -0.0979042470207941 -0.12074668059660346 -0.11400532059788189 -1000.0 -0.11568009461394846 -0.10659590399069993 -1000.0 
-0.03826847807995643 -1000.0 -0.031944121736699256 -1000.0 -1000.0 -0.026827221211416015 -0.09999999999999995 -1000.0 
-0.16530533821457208 -0.13689438161209921 -0.019179987490304477 -0.14083902929257722 -1000.0 -0.0641622739728798 -0.09999999999999995 -1000.0 
-0.11496400458556472 -0.1434295414021329 -0.10618469882185463 -0.10346052294603797 -1000.0 -0.16821784555652317 -0.10000000000000006 -1000.0 
-0.06544178295335844 0.07806977868024445 -0.06967824903956071 -0.1226967700056571 -1000.0 -0.1951245136989291 -0.10000537840838505 -1000.0 
-0.08288116430116502 -0.1329162441385799 -0.08372441595858421 0.06583517469330649 -1000.0 -0.15366954776599875 -0.1000164058521392 -1000.0 
-1.0 -1.0 -1.0 -1.0 -1.0 -1.0 -1.0 -1.0 
-1000.0 -0.15852966651651523 -1000.0 -0.13008472902141505 -0.1634962823413356 -0.19760930986721942 -0.19810000000000008 -1000.0 
-1000.0 0.09999999999999995 -1000.0 0.10000000000000006 -0.11846529214816776 -0.013134868990420582 -0.01703829367696452 -1000.0 
-1000.0 -0.009999999999999962 -1000.0 -0.010000723443310437 -0.038760530713984484 -0.1431634504951844 -0.1258402759257547 -1000.0 
-1000.0 -0.010457551550172276 -1000.0 -0.016424002010804465 -0.12521285078912206 -0.11043132052183038 -0.1260367630473101 -1000.0 
-0.11954723964383654 -1000.0 -0.11567770478103079 -1000.0 -0.013210959499146463 -0.1975750423585312 -0.1909717396370054 -1000.0 
0.04457605147592078 -0.05019737179610803 0.024218556856619614 0.02712160722952734 -0.07607390159793621 -0.22485159656306614 -0.25063062203613384 -1000.0 
-0.18526787198261635 -0.010000000000000057 -0.1890618190151381 -0.010000000000000057 -0.19644284598770703 -0.11055140370125584 -0.16918809962696604 -1000.0 
-0.055478225205313036 -0.07566759997983247 -0.03374693768258998 -0.056428844402792486 -0.15497297153766398 -0.14123970057861746 -0.1610162170445522 -1000.0 
-0.10195028284035207 -0.11076737889517854 -0.10369370995033228 -0.11185279949858554 -0.03640791231057492 -0.11472900575364417 -0.2283000903750249 -1000.0 
0.09999999999999995 -1000.0 0.09999999999999995 -1000.0 -0.12473664770664719 -0.03862219937979222 -0.03634930981931337 -1000.0 
-0.009999999999999955 -0.21744723810723146 -0.009999999999999955 -0.20874696369854975 -0.09587034384983968 -0.14709642482775817 -0.08235554861352609 -1000.0 
-0.019037408438319515 -0.026958263683226527 -0.01050707402568423 -0.015655800538629586 -0.1316857209355546 -0.07878476233661358 -0.17134703387579267 -1000.0 
-0.10978922585342013 -0.10900722676444653 -0.11487385927386724 -0.10903513042717454 -0.0732401264190652 -0.04576833819318209 0.07533359664265865 -1000.0 
-0.14747337300443525 -0.12038949491514016 -0.14901646578127747 -0.12178011128417533 -0.047925692185736286 -0.13642900155485865 -0.19891246161867282 -1000.0 
-0.009999999999999846 -1000.0 -0.010002013113512134 -1000.0 -0.04789167056861146 -0.13473239024632983 -0.194795650021088 -1000.0 
-0.02506307425966515 -0.15698657955947432 -0.03671072326782831 -0.1375052513602275 -0.13012751823239754 -0.10746347990172829 -0.11743168057351401 -1000.0 
-0.1090169884722058 -0.1107949492384163 -0.11173469135648842 -0.11666020319669093 -0.11352459183799855 -0.11332189325861008 -0.13229041115292603 -1000.0 
-0.06357489634292454 -0.1182235656084134 -0.0766784139474058 -0.10986888383980069 -0.150573962434937 -0.13118041060529645 -0.15401097240309403 -1000.0 
0.05023638769774902 -0.15711368826311262 0.013922814307147556 -0.15749470966849535 -0.13277718662052174 -0.11406584456378321 -0.13153395792481146 -1000.0 
-0.024021940756327513 -1000.0 -0.01198596336720207 -1000.0 -0.12901735754845078 -0.10154088724963112 -0.11192808849708888 -1000.0 
-0.11430787740611775 -0.09140935205377831 -0.11452798682278736 -0.10130383284587469 -0.08488660147254187 -0.08411124077017129 -0.12546948162845392 -1000.0 
-0.12176101548332019 -0.12185933770257133 -0.12303187978867486 -0.1159370145913374 -0.13556444934897588 -0.1339130340544254 -0.12245615926010323 -1000.0 
0.03102871527534009 0.0772411114797224 0.05110182922349122 -0.04777886513377402 -0.17871711286466385 -0.17259209619173804 -0.16826043194852142 -1000.0 
-0.21833161726019537 -0.1872344823264659 -0.2153107354949937 -0.19729938294029248 -0.14493952233189764 -0.15352799496635133 -0.14464614856131058 -1000.0 
-1.0 -1.0 -1.0 -1.0 -1.0 -1.0 -1.0 -1.0 
-1000.0 -0.16525356907880404 -1000.0 0.10000000000000006 -1000.0 -0.21385714015332544 -0.10900000000000004 -0.21555659037112077 
-1000.0 0.10000000000000006 -1000.0 -0.2128756669542814 -1000.0 -0.1804045176569457 -0.1230980274233344 -0.1823143424355178 
-1000.0 -0.20665458123921476 -1000.0 -0.12882698088598624 -1000.0 -0.15060913285749933 -0.15250497363245644 -0.15222282235354478 
-1000.0 -0.13667775427554862 -1000.0 -0.1090285783404095 -1000.0 -0.15229883831871754 -0.014782046698391515 -0.1407585330613111 
-0.11706011833674178 -1000.0 0.09999999999999995 -1000.0 -1000.0 -0.20764237214861925 -0.10900000000000004 -0.2076636287330709 
-0.059565893034492834 -0.11890076842314903 -0.18422189209532114 -0.06665274938976086 -1000.0 -0.154214137784478 -0.1435038585841599 -0.15840590305320315 
-0.18640343924409214 -0.06284736401969909 -0.12438473413080843 -0.0502177705847758 -1000.0 -0.11528124453732004 -0.11904931700721016 -0.10923856509847066 
-0.05047101624831258 -0.035940107652893155 -0.12160939826529565 -0.11811446867588205 -1000.0 -0.10282958865574916 -0.0685078295173243 -0.10334288872456071 
-0.1470580107476085 -0.11268169064530768 -0.1769397577124208 -0.12430415126754242 -1000.0 -0.15314432035798942 -0.17135082481465858 -0.11372581660429454 
0.09999999999999995 -1000.0 -0.05114984422779788 -1000.0 -1000.0 -0.16100422943006015 -0.017427596173294486 -0.1366841198052462 
-0.19049963283205548 -0.15998627879121965 -0.04268934774007585 -0.040681315700775766 -1000.0 -0.15420086709018138 -0.08300951530781375 -0.03287325053799286 
-0.1420301998933149 -0.026783079277310447 -0.11110203173120614 -0.17168240931301335 -1000.0 -0.12012399282356767 -0.045537377454378455 -0.1252357239451351 
-0.12421548035369101 -0.1477010776388991 -0.1001335566908744 -0.11664432263836647 -1000.0 -0.06533031779273657 -0.011289408341851423 -0.12319638899181126 
-0.18221744869463674 -0.1129468024750179 -0.10528410078429463 0.06886688388179431 -1000.0 -0.19676609105579168 -0.153823372929202 -0.1503864636042984 
-0.05344587321593851 -1000.0 -0.012525296248922216 -1000.0 -1000.0 -0.11451420951219676 -0.1204209890779992 -0.10011390394126815 
-0.03736948240598442 -0.08257500667578971 -0.15341245203268 -0.11012263666136696 -1000.0 -0.10651811379764345 -0.022132558381293185 -0.10211683203439298 
-0.11334078857171834 -0.11100168990593773 -0.09341255876301617 -0.1313983277223122 -1000.0 -0.10347487169983133 0.050539512077185246 -0.09578998671510267 
-0.12193369659721943 -0.1350052296221352 0.003949039606356626 -0.16233248946506157 -1000.0 -0.10762871046869574 -0.043993074495009665 -0.13025360830640798 
-0.07627500713977982 -0.15305617974011668 -0.1552325474245041 -0.15724093132627068 -1000.0 -0.15493998223446584 -0.2116474773640656 -0.11258948560779855 
-0.049016577393476125 -1000.0 -0.10312950976826653 -1000.0 -1000.0 -0.08047264105995602 -0.024822703874568742 -0.12899626794885766 
-0.1490558151849813 -0.1420526485486087 -0.13174229011042618 -0.11598463971349125 -1000.0 -0.0727892104044742 -0.14499713239824824 0.03130548658013121 
-0.10814693207647712 -0.12480722773031355 -0.159829441418952 -0.04796164085618204 -1000.0 -0.15823513211282225 -0.14961320466152456 -0.18088707718561575 
-0.02070812097085619 -0.05105121150244938 -0.16588975193147407 -0.11983712301062657 -1000.0 -0.10269638701244446 -0.19150427267687523 -0.18309891985861446 
0.800797132052824 1.044268621495894 -0.802091635219262 -0.15184664545256182 -1000.0 0.38837110267131897 0.883081071818166 0.11167447132613122 
-1.0 -1.0 -1.0 -1.0 -1.0 -1.0 -1.0 -1.0 
-1000.0 0.10000000000000006 -1000.0 -1000.0 -0.01160353082553117 -0.13860672522770837 -0.18836714879315064 -1000.0 
-1000.0 -0.09999999999999995 -1000.0 -1000.0 -0.02231448671448812 -0.12137568038588285 -0.2160941314044481 -1000.0 
-1000.0 -0.2089472189859451 -1000.0 -1000.0 -0.12736182128212453 -0.011288364767557534 -0.13760411617170254 -1000.0 
-1000.0 -0.10967760893205948 -1000.0 -1000.0 -0.03754511369852487 -0.15935158247120454 -0.1330910174715526 -1000.0 
0.10000000000000006 -1000.0 -1000.0 -1000.0 -0.056591351799853785 -0.12544441894572866 -0.03663103809526972 -1000.0 
-0.09999999999999995 -0.09999999999999995 -1000.0 -1000.0 -0.012820600368174105 -0.05928770006289581 -0.10557273393658949 -1000.0 
-0.20579083260184092 -0.10123705093143931 -1000.0 -1000.0 -0.19651865858577738 -0.017826604745484066 -0.17194740677607706 -1000.0 
-0.13248773940780997 -0.12748701940870957 -1000.0 -1000.0 -0.10539721265459573 -0.1607267154435043 -0.08115566070424919 -1000.0 
-0.1365165562107858 -0.11308685624198188 -1000.0 -1000.0 -0.13639039630987446 -0.17190928949791065 -0.1300163885914092 -1000.0 
-0.10000000000000006 -1000.0 -1000.0 -1000.0 -0.03147516959319561 -0.12549449023189518 -0.0921639693521035 -1000.0 
-0.11280460795174446 -0.14534660737135163 -1000.0 -1000.0 -0.1606992922030032 -0.06217964035552104 -0.1953131658155728 -1000.0 
-0.11018380601367056 -0.10547892783909288 -1000.0 -1000.0 -0.14399676362046965 -0.1903683357370333 -0.017776760130280494 -1000.0 
-0.10474099593586003 -0.09024117595672008 -1000.0 -1000.0 -0.0047269003067961154 -0.08989505220648097 -0.031094919642750792 -1000.0 
-0.13220912304935106 -0.0917832145123312 -1000.0 -1000.0 -0.16770534543153334 -0.15080931624311422 -0.13591721910808835 -1000.0 
-0.17177625416912365 -1000.0 -1000.0 -1000.0 -0.11640842963388164 -0.0195930082721072 -0.13055056771830836 -1000.0 
-0.10368992316278319 -0.12915605783154477 -1000.0 -1000.0 -0.0995752724802272 -0.1373277719037618 -0.05823399474477541 -1000.0 
-0.07789709209719099 -0.1332383107212952 -1000.0 -1000.0 -0.19639340293632226 -0.11912491189305602 -0.1956444369486889 -1000.0 
-0.12374969739312197 -0.19285222754250636 -1000.0 -1000.0 -0.07646106596749269 -0.14186844160310172 -0.17193584299781714 -1000.0 
-0.17796477007234957 -0.14822097848715507 -1000.0 -1000.0 -0.09544599665288288 -0.19512570995484105 -0.20423479217448207 -1000.0 
-0.14425105246181438 -1000.0 -1000.0 -1000.0 -0.113309206262856 -0.06431487479739481 -0.036465430724009845 -1000.0 
-0.12215354052514532 -0.11909460298843452 -1000.0 -1000.0 -0.10445687863078087 0.005812850972507708 0.07099406766903121 -1000.0 
-0.15255761685637362 -0.09960553042260878 -1000.0 -1000.0 -0.1721474750213768 -0.08851391505271027 -0.1944471445987894 -1000.0 
-0.1723231191357434 -0.14656553127763525 -1000.0 -1000.0 -0.16050244106669678 -0.14675693548498744 -0.14911813903679447 -1000.0 
-0.07860776597910372 -0.07428857578666692 -1000.0 -1000.0 -0.07132966099884311 -0.07596045881679771 -0.07114391110787698 -1000.0 
-1.0 -1.0 -1.0 -1.0 -1.0 -1.0 -1.0 -1.0 
-1000.0 0.09999999999999995 -1000.0 -0.019497736909079445 -0.05653967282628086 -0.052766591990825784 -1000.0 -0.10000000000000006 
-1000.0 -0.1282236320740191 -1000.0 -0.03424220779986474 -0.1651147674523291 -0.19259516364341195 -1000.0 -0.10000000000000006 
-1000.0 -0.05896395216794683 -1000.0 -0.09617228541595622 -0.1326236406744904 -0.09680354795616222 -1000.0 -0.09999999999999995 
-1000.0 -0.01803951355799197 -1000.0 0.10000000000000006 -0.12777074807719024 -0.11876711654452024 -1000.0 -0.09999999999999995 
0.10000000000000006 -1000.0 -0.04798944841148381 -1000.0 -0.030125588761532672 -0.017502379882153953 -1000.0 -0.10000000000000006 
-0.07878491432460039 -0.08022508283292139 -0.14830967400096445 -0.15925569222869684 -0.0388382586788531 -0.12849620026194367 -1000.0 -0.09999999999999995 
-0.08682464170137513 -0.1261254271720289 -0.11280252505901689 -0.10167027750066261 -0.13108652574636134 -0.16372745316282067 -1000.0 -0.09999999999999995 
-0.047661615045123826 -0.19825710208393835 0.05894368442766774 -0.16857253468599914 -0.05453344548220765 -0.1246444157102699 -1000.0 -0.09999999999999995 
-0.11339168027899665 -0.16273473288701115 -0.15826747334656696 -0.01790139830701188 -0.06533530202113086 -0.07224802597862255 -1000.0 -0.10000000000000006 
-0.04916843245968676 -1000.0 -0.06370197995942231 -1000.0 -0.012373096185377118 -0.03506901032963598 -1000.0 -0.09999999999999995 
-0.1318594465526172 -0.0417010535299601 -0.12882968599550051 -0.10035362433189049 -0.1613400972431563 -0.12132623573963613 -1000.0 -0.09999999999999995 
-0.17928274816490156 -0.12536983678995794 -0.013375459967759379 0.08719275093974208 -0.11872194154078414 -0.12306006081416623 -1000.0 -0.10000000000000006 
-0.15168093609525188 -0.10756013258294295 -0.12457786477577039 -0.16702411781826831 -0.08978632881381271 -0.10913560934789505 -1000.0 -0.10000000000000006 
-0.10438700370843185 0.07279064861690929 -0.13859347656317908 -0.022465907760504368 -0.061578521387188334 -0.1260677700666062 -1000.0 -0.10000000000000006 
-0.06826304728056029 -1000.0 -0.08310437598469926 -1000.0 -0.10222817204230067 -0.0335802235338683 -1000.0 -0.10000000000000006 
-0.12931182574273864 -0.06299883685072188 0.006315388470874712 0.03537794205408745 -0.12504260684181417 -0.2011666530750968 -1000.0 -0.10000000000000006 
-0.11009727303587265 -0.11147139489002181 -0.0782411555704845 -0.11912830196272041 -0.07721244436364677 -0.1280648795768112 -1000.0 -0.10000000000000006 
0.09817970938225654 0.05868967041638599 -0.13685940152664053 -0.14170614937827675 -0.19054560171630228 -0.21976428952407323 -1000.0 -0.10000000000000006 
-0.16120829719183372 -0.10467668575747177 -0.16856422209354305 -0.07579732304777223 -0.024875074281414035 -0.16329457946151846 -1000.0 -0.10000000000000006 
-0.04689306103168152 -1000.0 0.10000000000000006 -1000.0 -0.11809835073879184 -0.0160546778290795 -1000.0 -0.09999999999999995 
-0.11167498396976105 -0.10878917911726695 -0.09057213241450812 -0.036442705481150015 0.0034162399705098927 0.029226381210308558 -1000.0 -0.09999999999999995 
0.03492422299088137 0.025143961160541385 -0.031168217528006033 -0.14485042239526139 -0.1325154754732779 -0.1423943113315993 -1000.0 -0.10000026127691086 
-0.10059588622198232 -0.1102597291012985 -0.10105196515439102 -0.14803031621930596 -0.103495453561504 -0.11981894334740835 -1000.0 -0.09999999999999995 
-0.11474047941444515 0.07923134128776207 -0.06054632093290396 -0.04434800291177449 -0.1698563700849347 0.0609731358003867 -1000.0 0.0783739869419636 
-1.0 -1.0 -1.0 -1.0 -1.0 -1.0 -1.0 -1.0 
-1000.0 0.10000000000000006 -1000.0 -0.019301585212907507 -0.009999999999999955 -1000.0 -0.1980999999995648 -0.19729563676394835 
-1000.0 -0.13561363345059127 -1000.0 -0.11975120399898902 -0.010126651197390663 -1000.0 -0.016903780914709277 -0.062224719136485154 
-1000.0 -0.13833251927576976 -1000.0 0.09999999999999995 -0.11059809307884846 -1000.0 -0.1300199695113045 -0.12632941827700284 
-1000.0 -0.027671214034380623 -1000.0 -0.1909825315271528 -0.14311896870434754 -1000.0 -0.13751710103662595 -0.10406677588611798 
0.09999999999999995 -1000.0 -0.02617460906498108 -1000.0 -0.010000000000000057 -1000.0 -0.19709381210271798 -0.1980964494641131 
-0.14231918514898095 -0.04356807167299705 -0.1292580008572721 -0.16608044813538184 -0.02144727894963889 -1000.0 -0.2371919046857842 -0.22143057958858942 
-0.11570938225384739 -0.06171401054278448 -0.0800711123439612 0.06359612524960559 -0.10908116754740989 -1000.0 -0.17276430357419365 -0.13132371497500614 
-0.06812263915106284 -0.16547858705978163 -0.08913738829959905 -0.03209894520866408 -0.07365591263241536 -1000.0 -0.148960956404532 -0.14619044728152633 
-0.13952046604349527 -0.15562651548159118 -0.1283669019387409 -0.08713535398189765 0.07353468700901573 -1000.0 -0.194266399151895 -0.11189632412169778 
-0.06218145149630404 -1000.0 -0.12813961986649938 -1000.0 -0.0100016764982202 -1000.0 -0.034839603426569235 -0.07579653706757208 
-0.0792210943624986 -0.12024220512950826 -0.09311698153582562 -0.03323550086332641 -0.11497511365757104 -1000.0 -0.08567365956165751 -0.11519857098472229 
-0.18248854857085428 -0.09358623375345901 -0.10838918701237095 -0.017285918811448697 -0.122236684163061 -1000.0 -0.13835516077930224 -0.08245388225172612 
-0.17691789415937167 -0.11342726285155244 -0.14383834483743066 -0.11779325623489603 -0.09067164140825792 -1000.0 0.044229618907760206 -0.05773453221216138 
0.04935515943154235 -0.052077773218348916 -0.11119890282479442 -0.08125249698530079 -0.21460641728835775 -1000.0 -0.20149155436278585 -0.12044192427895192 
-0.12296225959273682 -1000.0 0.09999999999999995 -1000.0 -0.11369165135972015 -1000.0 -0.19343097552056604 -0.12459746782136483 
-0.09449870948169155 -0.029847700597014783 -0.16962848215955503 -0.12878037304264514 -0.11872941150909117 -1000.0 -0.08115229567635814 -0.12226805694628963 
-0.12707446784689413 -0.12829447309120606 -0.13771901944709597 -0.13017095114287425 -0.1320662013595828 -1000.0 -0.09920004687011842 -0.13005842982487847 
-0.04792842845716916 -0.124395242234919 -0.032327962125159336 -0.04665703800158384 -0.15123019086860537 -1000.0 -0.1556507958262246 -0.15066243229953588 
-0.07255414982854858 -0.14658761027071754 -0.1280733282967548 -0.12985814182491548 -0.14187332121139246 -1000.0 -0.12978158228998904 -0.10508702638317799 
-0.02048283654604116 -1000.0 -0.11555151365596436 -1000.0 -0.11678351598511875 -1000.0 -0.09395683808845964 -0.11775383069759232 
-0.13047431634427156 -0.125922362489014 -0.06480894858648302 -0.10931818640681511 0.05488319237640975 -1000.0 -0.130588008342547 -0.07627331483926388 
-0.09615479533384012 -0.02120354211517083 -0.1919783473101757 -0.11871525893060725 -0.1906018017352949 -1000.0 -0.11135387355798732 -0.11085130414548441 
-0.15759085858156197 -0.10718126141871563 -0.16217469465259948 -0.12157018094149481 -0.021189034485155352 -1000.0 -0.1342004328005725 -0.15814691364973238 
0.012133106166564267 -0.07190378322314163 0.07190344218004027 -0.10318763728636207 -0.03264703068054539 -1000.0 -0.03557300473460928 -0.8273470563900243 
-1.0 -1.0 -1.0 -1.0 -1.0 -1.0 -1.0 -1.0 
-1000.0 0.10000000000000006 -1000.0 -0.12343887734945075 -1000.0 -0.21591064902952045 -0.10900000000000007 -0.20834447855117674 
-1000.0 -0.16539643855537664 -1000.0 0.09999999999999995 -1000.0 -0.18352036348335593 -0.1317428000043119 -0.18950811248210675 
-1000.0 -0.04783017784685571 -1000.0 -0.1858094705509416 -1000.0 -0.166355911612952 -0.14522555073577567 -0.10339669259894643 
-1000.0 -0.11637121725626466 -1000.0 -0.03446383502922421 -1000.0 -0.15241705481271078 -0.0124674139099895 -0.1334319461963783 
0.09999999999999995 -1000.0 -0.11410170403146253 -1000.0 -1000.0 -0.20774066819504283 -0.10900000000000006 -0.20611785849117678 
-0.1509845071440412 -0.021505031180275837 -0.12787682011667387 0.06099054872961242 -1000.0 -0.14243004906800624 -0.14525509310485626 -0.15948665715218013 
-0.04336687354141517 -0.13613543914723736 -0.14634654620275137 -0.03422627678878328 -1000.0 -0.09841270539661179 -0.10119529613947666 -0.0901181935734983 
-0.11862225001961343 -0.11193547551823697 -0.10181703125320642 -0.12309926409662433 -1000.0 -0.11072727494493342 -0.07707778058566993 -0.10994902711941101 
-0.12819633582854184 -0.1315497343824981 -0.17422254365189066 -0.10988966361968376 -1000.0 -0.155679931033828 -0.18696035920282855 -0.19691439310758826 
-0.026391672689770832 -1000.0 0.09999999999999995 -1000.0 -1000.0 -0.15992757287541565 -0.011298911786579513 -0.14559086869738136 
-0.14696325184175274 -0.11666091858359613 -0.1916998373150091 -0.14777507250093147 -1000.0 -0.06095488054556473 -0.08311916031965669 -0.15488411465940716 
-0.11303803252707441 -0.15626014269603072 -0.015699855618652978 -0.11142595397905175 -1000.0 -0.11736809620828667 -0.04316695583475558 -0.12176442742327996 
-0.1229427874407652 -0.1182245235071239 -0.13537260718943453 -0.1475004404936772 -1000.0 -0.09447070756764206 0.03843879279015415 -0.10064704199003499 
0.07134311569222282 -0.061883145883074406 -0.12382245050320913 -0.12450779819954334 -1000.0 -0.17382016121966032 -0.14270578207319676 -0.18917034916706912 
-0.10552632803338793 -1000.0 -0.030216293648917217 -1000.0 -1000.0 -0.10076761698857614 -0.12166397872335072 -0.1246707094044214 
-0.15601668598272705 -0.06454387059953105 -0.1538488177708403 -0.11118147395887863 -1000.0 -0.1040981732154633 -0.028311573561918286 -0.1283078814443681 
-0.12438734717893006 -0.20238715734259155 -0.10994147019409137 -0.04511108017802926 -1000.0 -0.08697448263730806 0.08141225282923012 -0.0939395955547197 
-0.06931618834286497 -0.09512844810349727 -0.12250221657564478 -0.1990547555948851 -1000.0 -0.13477036183561555 -0.07754176485112173 -0.11324199963809709 
-0.143736093146277 -0.11783991780268342 0.04059850485713534 -0.053939693964261334 -1000.0 -0.1276946355033504 -0.19498679790568008 -0.1365043833450581 
-0.04730599019801531 -1000.0 -0.12922669891847458 -1000.0 -1000.0 -0.15759400871636678 -0.017724947963048965 -0.03801314372462584 
-0.19899749924446947 -0.11345763894714903 -0.14899311386488193 -0.15070278731360048 -1000.0 0.01746837400460942 -0.1773528694328746 -0.07766335616012998 
-0.0728432474091245 -0.10863576399510508 -0.12511194908109832 -0.11840642390426384 -1000.0 -0.18694978394436956 -0.14636788501117715 -0.15675374747208506 
-0.11206687454641441 -0.17154708753434286 -0.05269022462676495 -0.09271676468024612 -1000.0 -0.1912690040237637 -0.18753850846015468 -0.1342771626866125 
-0.6912875569320379 -0.8258231800770901 -0.7100157106997034 -0.5021195623535171 -1000.0 -0.15336138170749763 1.4983626719483525 -0.6016817808613416 
-1.0 -1.0 -1.0 -1.0 -1.0 -1.0 -1.0 -1.0 
-1000.0 0.09999999999999995 -1000.0 0.10000000000000006 -0.01000000000000005 -0.12292344344063469 -0.13349224477835125 -0.009999999999999962 
-1000.0 -0.009999999999999967 -1000.0 -0.010000000000000004 -0.10199411636033304 -0.021439720262103033 -0.13212449081020528 -0.1032425422929363 
-1000.0 -0.12388878232445522 -1000.0 -0.1228898859075438 -0.11529702662390028 -0.16542269114638358 -0.047486950346051056 -0.12596087401476713 
-1000.0 -0.17019900768989848 -1000.0 -0.138471029728848 -0.12235656170876241 -0.0895015942309229 -0.12347395767264169 -0.11325859247547024 
0.10000000000000006 -1000.0 0.09999999999999995 -1000.0 -0.01000000000000005 -0.12118481767899633 -0.13988491257778515 -0.009999999999999955 
-0.009999999999999967 -0.010000121373646888 -0.010000007764464636 -0.010000121373646866 -0.12856584142210067 -0.08363900374458162 -0.14443183948415642 -0.0361652317069692 
-0.11961405590537026 -0.1309555368446842 -0.12323377594230109 -0.12818667117428867 -0.10200450572649244 -0.11751699248830136 -0.0417736246925186 -0.10192983480459364 
-0.15915678024442562 -0.1278440494094464 -0.16288727259463126 -0.13085559397665447 -0.17227978805862784 -0.029355240574851883 -0.17935430946042125 -0.11090233836253145 
-0.12324270398650856 -0.14975933621969528 -0.1328612302942931 -0.14727980829663812 -0.06044242888889951 -0.16333002036501887 -0.204046100834096 -0.10332341041379854 
-0.010000000000000045 -1000.0 -0.010000000000000044 -1000.0 -0.10010325632602404 -0.03686367337922451 -0.1265169832291713 -0.10580419562625762 
-0.1318725515004238 -0.11649752822835431 -0.13107496613758762 -0.11964515208562772 -0.12708508348734823 -0.12243253633277226 -0.128720511278109 -0.1287644658019613 
-0.12128815670737535 -0.15452558611056247 -0.1311872905461838 -0.15269530436438197 -0.11379066402287291 -0.02307219945827015 -0.11665978211168447 -0.10287417553919437 
-0.16192706869320267 -0.055833580601291725 -0.14568756695658244 -0.06121341844155646 -0.09740496289735898 0.04706675080551279 -0.0631874990772705 -0.09245534594760435 
-0.21790082242546316 0.021542892273908064 -0.14022878883434325 0.06658103311991817 -0.21915493208234693 -0.18878830972881766 -0.12101507754230213 -0.13911083893660786 
-0.1214058260089771 -1000.0 -0.11896927314405244 -1000.0 -0.11077501256608466 -0.1733480315930319 -0.039454592599238954 -0.12041756645993681 
-0.15792656345605688 -0.04558357129990237 -0.1531336480011173 -0.07569097918729588 -0.13916304359490506 -0.13277022447617784 -0.18337225694563064 -0.13298929998901612 
-0.08277916131488378 -0.12907373413962514 -0.05902715873891851 -0.13699487919017428 -0.10038120932085942 -0.17758020912593203 0.04777133228778008 -0.17243979052190395 
0.09067430177248972 -0.14940754974266995 0.0398064521901292 -0.16593547377999063 -0.20318499051691255 -0.20442346537804967 -0.1991882543595439 -0.20903961441045618 
-0.038429776961219436 -0.11229581821958327 -0.026127272672140458 -0.09571527194520074 -0.1946639034884866 -0.20051190361674284 -0.17341107804065567 -0.14686859649396555 
-0.0862252853614505 -1000.0 -0.012814646892103411 -1000.0 -0.1524803716479087 -0.0315583959059808 -0.03413079177908959 -0.11447184834624606 
-0.13047539915151174 -0.1494442435033045 -0.12957947349926416 -0.13497050492345708 -0.03944695938206486 -0.02989749674556287 0.01072784458504545 -0.0557629708346915 
-0.27068836873777075 -0.1030316348939942 -0.2803032841780938 0.04531372009271244 -0.13585576419515089 -0.19397242843743073 -0.02769639476172866 -0.18454062008754318 
-0.0822831220851193 -0.07150429464637777 -0.09804467352846191 -0.0809789569581505 -0.17863913379055363 -0.14475396021655595 -0.1864108957476429 -0.1627617937545993 
-1.5628069935809317 -0.9371878301884322 -1.74043662978909 -0.28509788641752 -1.3575531098313354 0.7000609144996865 0.7282373888357381 0.6979669126142329 
END