1.0 1.0 1.0 1.0 1.0 1.0 1.0 1.0 
1.0 1.0 1.0 1.0 1.0 1.0 1.0 1.0 
1.0 1.0 1.0 1.0 1.0 1.0 1.0 1.0 
1.0 1.0 1.0 1.0 1.0 1.0 1.0 1.0 
1.0 1.0 1.0 1.0 1.0 1.0 1.0 1.0 
1.0 1.0 1.0 1.0 1.0 1.0 1.0 1.0 
1.0 1.0 1.0 1.0 1.0 1.0 1.0 1.0 
1.0 1.0 1.0 1.0 1.0 1.0 1.0 1.0 
1.0 1.0 1.0 1.0 1.0 1.0 1.0 1.0 
1.0 1.0 1.0 1.0 1.0 1.0 1.0 1.0 
1.0 1.0 1.0 1.0 1.0 1.0 1.0 1.0 
1.0 1.0 1.0 1.0 1.0 1.0 1.0 1.0 
1.0 1.0 1.0 1.0 1.0 1.0 1.0 1.0 
1.0 1.0 1.0 1.0 1.0 1.0 1.0 1.0 
1.0 1.0 1.0 1.0 1.0 1.0 1.0 1.0 
1.0 1.0 1.0 1.0 1.0 1.0 1.0 1.0 
1.0 1.0 1.0 1.0 1.0 1.0 1.0 1.0 
1.0 1.0 1.0 1.0 1.0 1.0 1.0 1.0 
1.0 1.0 1.0 1.0 1.0 1.0 1.0 1.0 
1.0 1.0 1.0 1.0 1.0 1.0 1.0 1.0 
1.0 1.0 1.0 1.0 1.0 1.0 1.0 1.0 
1.0 1.0 1.0 1.0 1.0 1.0 1.0 1.0 
1.0 1.0 1.0 1.0 1.0 1.0 1.0 1.0 
1.0 1.0 1.0 1.0 1.0 1.0 1.0 1.0 
1.0 1.0 1.0 1.0 1.0 1.0 1.0 1.0 
-1.0 -1.0 -1.0 -1.0 -1.0 -1.0 -1.0 -1.0 
-1000.0 -1000.0 -1000.0 0.06307683236468244 -1000.0 -1000.0 -1000.0 -1000.0 
-1000.0 -1000.0 -1000.0 0.06801452244300206 -1000.0 -1000.0 -1000.0 -1000.0 
-1000.0 -1000.0 -1000.0 -0.08697701892811102 -1000.0 -1000.0 -1000.0 -1000.0 
-1000.0 -1000.0 -1000.0 0.09999999999999995 -1000.0 -1000.0 -1000.0 -1000.0 
-1000.0 -1000.0 0.06378075005715775 -1000.0 -1000.0 -1000.0 -1000.0 -1000.0 
-1000.0 -1000.0 -0.0383937502461682 0.07638610680974475 -1000.0 -1000.0 -1000.0 -1000.0 
-1000.0 -1000.0 0.06002632896141295 0.08160371135664399 -1000.0 -1000.0 -1000.0 -1000.0 
-1000.0 -1000.0 0.0657561415366635 0.05988544685879282 -1000.0 -1000.0 -1000.0 -1000.0 
-1000.0 -1000.0 -0.058483514240342656 0.0729000000000001 -1000.0 -1000.0 -1000.0 -1000.0 
-1000.0 -1000.0 0.06722134855032173 -1000.0 -1000.0 -1000.0 -1000.0 -1000.0 
-1000.0 -1000.0 0.06305091516918959 0.061272745763939096 -1000.0 -1000.0 -1000.0 -1000.0 
-1000.0 -1000.0 0.05510259370280038 0.06785822043459774 -1000.0 -1000.0 -1000.0 -1000.0 
-1000.0 -1000.0 0.05900247879047395 -0.07364834599361675 -1000.0 -1000.0 -1000.0 -1000.0 
-1000.0 -1000.0 -0.05340738964486083 0.06271309574304539 -1000.0 -1000.0 -1000.0 -1000.0 
-1000.0 -1000.0 -0.05114758501870042 -1000.0 -1000.0 -1000.0 -1000.0 -1000.0 
-1000.0 -1000.0 -0.054656880409354916 0.0575308885287091 -1000.0 -1000.0 -1000.0 -1000.0 
-1000.0 -1000.0 -0.08595109558390698 0.0583641391884311 -1000.0 -1000.0 -1000.0 -1000.0 
-1000.0 -1000.0 -0.07125051816957569 -0.07124731572668547 -1000.0 -1000.0 -1000.0 -1000.0 
-1000.0 -1000.0 -0.0979849480647974 0.06733690792225547 -1000.0 -1000.0 -1000.0 -1000.0 
-1000.0 -1000.0 0.10000000000000006 -1000.0 -1000.0 -1000.0 -1000.0 -1000.0 
-1000.0 -1000.0 0.0729000000000001 -0.09263647837489206 -1000.0 -1000.0 -1000.0 -1000.0 
-1000.0 -1000.0 0.06802396871648181 -0.06310450075111751 -1000.0 -1000.0 -1000.0 -1000.0 
-1000.0 -1000.0 0.0705308543653115 -0.06824655999637147 -1000.0 -1000.0 -1000.0 -1000.0 
-1000.0 -1000.0 -0.033813829533237326 -0.09863359189500842 -1000.0 -1000.0 -1000.0 -1000.0 
-1.0 -1.0 -1.0 -1.0 -1.0 -1.0 -1.0 -1.0 
-1000.0 -1000.0 -1000.0 -0.045195715221775824 0.08100000000000007 -1000.0 -1000.0 -1000.0 
-1000.0 -1000.0 -1000.0 0.06099269719750297 0.07252210855353047 -1000.0 -1000.0 -1000.0 
-1000.0 -1000.0 -1000.0 0.09999999999999995 0.07320495200230229 -1000.0 -1000.0 -1000.0 
-1000.0 -1000.0 -1000.0 0.06201171328740662 0.07155470830076993 -1000.0 -1000.0 -1000.0 
-1000.0 -1000.0 -0.09551849692496181 -1000.0 0.08100000000000009 -1000.0 -1000.0 -1000.0 
-1000.0 -1000.0 -0.0769295245419761 -0.05705856665657753 0.06896532583695054 -1000.0 -1000.0 -1000.0 
-1000.0 -1000.0 -0.05952558072492176 0.06574983701589646 0.07066309942423143 -1000.0 -1000.0 -1000.0 
-1000.0 -1000.0 -0.08819608851724506 0.05896846946649979 0.06743874135167294 -1000.0 -1000.0 -1000.0 
-1000.0 -1000.0 -0.04829208680993316 0.06152806476664384 0.09407082111177398 -1000.0 -1000.0 -1000.0 
-1000.0 -1000.0 0.06194414148009948 -1000.0 0.06746236408633657 -1000.0 -1000.0 -1000.0 
-1000.0 -1000.0 0.060398703787328346 0.09060020542112582 0.06451087613832357 -1000.0 -1000.0 -1000.0 
-1000.0 -1000.0 0.0614372575953057 0.06045318528276115 0.06757820802089126 -1000.0 -1000.0 -1000.0 
-1000.0 -1000.0 -0.08982830339625689 0.0632972637399184 0.06528614421954526 -1000.0 -1000.0 -1000.0 
-1000.0 -1000.0 0.004383514649583812 0.06845542321053166 0.0561946220587117 -1000.0 -1000.0 -1000.0 
-1000.0 -1000.0 0.10000000000000006 -1000.0 0.07244080333522776 -1000.0 -1000.0 -1000.0 
-1000.0 -1000.0 0.06184974917012454 -0.061080467360138974 0.06722573623630013 -1000.0 -1000.0 -1000.0 
-1000.0 -1000.0 0.06432460497507209 -0.05759441233275266 0.07058148993648077 -1000.0 -1000.0 -1000.0 
-1000.0 -1000.0 -0.07669322201810976 -0.07513979227664203 0.06774201951298112 -1000.0 -1000.0 -1000.0 
-1000.0 -1000.0 0.0684627009660821 -0.0335457917004698 0.06066386004847205 -1000.0 -1000.0 -1000.0 
-1000.0 -1000.0 0.058663335518262666 -1000.0 0.06613434379437774 -1000.0 -1000.0 -1000.0 
-1000.0 -1000.0 0.060716886204579115 -0.038855618649154655 0.06394981012165596 -1000.0 -1000.0 -1000.0 
-1000.0 -1000.0 0.07863954745588922 -0.04321958402663867 0.059502388939694444 -1000.0 -1000.0 -1000.0 
-1000.0 -1000.0 -0.0613464965921473 0.06166892691767606 0.06410780445813866 -1000.0 -1000.0 -1000.0 
-1000.0 -1000.0 0.06564402028479824 0.059284147490013796 -0.06674559058474203 -1000.0 -1000.0 -1000.0 
-1.0 -1.0 -1.0 -1.0 -1.0 -1.0 -1.0 -1.0 
-1000.0 -1000.0 -1000.0 0.06434339695213831 0.07133994897817819 0.06596330937855859 -1000.0 -1000.0 
-1000.0 -1000.0 -1000.0 0.10000000000000006 0.07035575090378668 0.07051044989412457 -1000.0 -1000.0 
-1000.0 -1000.0 -1000.0 0.08999999999999998 -0.002491971697264183 -0.03541516172184277 -1000.0 -1000.0 
-1000.0 -1000.0 -1000.0 -0.08215234214687364 0.06310263432252443 0.06438822226870872 -1000.0 -1000.0 
-1000.0 -1000.0 0.06306249203944686 -1000.0 0.06455046428213598 0.06447221244588583 -1000.0 -1000.0 
-1000.0 -1000.0 0.05967924611874971 0.06134812054637457 0.06360243692171917 0.06831620621676203 -1000.0 -1000.0 
-1000.0 -1000.0 -0.07118848831279806 0.08999999999999998 0.07123135402269475 0.07558563104660239 -1000.0 -1000.0 
-1000.0 -1000.0 0.065365547848273 0.07267849676093556 0.08457648557940885 0.06570513359454994 -1000.0 -1000.0 
-1000.0 -1000.0 0.07661644318839167 -0.06798927193652914 0.07181305783660552 0.06936796788016981 -1000.0 -1000.0 
-1000.0 -1000.0 0.10000000000000006 -1000.0 0.07786190115437577 0.07191803809110613 -1000.0 -1000.0 
-1000.0 -1000.0 0.08999999999999998 -0.0706989550437815 0.07583459186330882 0.07215201514352897 -1000.0 -1000.0 
-1000.0 -1000.0 -0.08280069231808687 -0.08254097863535498 0.06614059059415821 0.06393227608952859 -1000.0 -1000.0 
-1000.0 -1000.0 -0.05774490128480106 -0.08538594344163317 0.06707210882253249 0.06197068071724254 -1000.0 -1000.0 
-1000.0 -1000.0 0.060935606814893316 -0.0930923207619812 0.06205970494122687 0.059910284628222635 -1000.0 -1000.0 
-1000.0 -1000.0 0.08999999999999998 -1000.0 -0.06264588287926093 -0.03850834889891493 -1000.0 -1000.0 
-1000.0 -1000.0 0.07391231317466876 0.08055332836241452 0.05236080187349387 0.05777514824732801 -1000.0 -1000.0 
-1000.0 -1000.0 -0.06590473027359178 0.05086009789615181 0.05559980583315021 0.056365424247927565 -1000.0 -1000.0 
-1000.0 -1000.0 0.05932549841862271 0.053933926304164985 -0.007420242732913876 -0.01597977646840797 -1000.0 -1000.0 
-1000.0 -1000.0 0.057804799327954313 0.056741584620187885 0.05984872253004543 0.06107561312959999 -1000.0 -1000.0 
-1000.0 -1000.0 -0.09208849597209853 -1000.0 0.06050218513105926 0.066132516737378 -1000.0 -1000.0 
-1000.0 -1000.0 -0.0789469463892229 0.07954189015673499 0.06835423466423303 0.06473865269650805 -1000.0 -1000.0 
-1000.0 -1000.0 -0.08116490030148657 0.061571335945913075 0.06346575265381496 0.07069640764281931 -1000.0 -1000.0 
-1000.0 -1000.0 -0.08476447608411403 0.05305394328617631 0.05843964084252512 0.0602705077789609 -1000.0 -1000.0 
-1000.0 -1000.0 -0.04714097406994706 -0.07887495188823287 0.06121641654253338 0.06455581069613454 -1000.0 -1000.0 
-1.0 -1.0 -1.0 -1.0 -1.0 -1.0 -1.0 -1.0 
-1000.0 -1000.0 -1000.0 0.09999999999999995 0.0772109948494199 0.0716676344989608 0.0804201571564027 -1000.0 
-1000.0 -1000.0 -1000.0 -0.09999999999999995 0.06390355515846366 0.07532365171303695 0.07172425058512402 -1000.0 
-1000.0 -1000.0 -1000.0 0.0742937179095583 0.06724231825544696 0.07134801147593602 0.06811078655760858 -1000.0 
-1000.0 -1000.0 -1000.0 0.0705892113075122 0.06272516480262812 0.0660344134947198 0.061959641244539475 -1000.0 
-1000.0 -1000.0 0.09999999999999995 -1000.0 0.07192768257721373 0.07072659054142376 0.07614249383686438 -1000.0 
-1000.0 -1000.0 -0.10000000000000006 -0.10000000000000006 0.08138889439133898 0.06777110956234182 0.07171326797155596 -1000.0 
-1000.0 -1000.0 0.07388903543607298 -0.08165954257254843 0.0772434737192536 0.0753867487965044 0.07973872000379978 -1000.0 
-1000.0 -1000.0 0.06973369286763648 -0.04762082210202562 0.06975748001826948 0.06286900829160724 0.06779400544785079 -1000.0 
-1000.0 -1000.0 0.061768903474802885 -0.0895160281660187 0.06782226497639873 0.0751326546849362 0.06455839289562093 -1000.0 
-1000.0 -1000.0 -0.10000000000000006 -1000.0 0.05949416360806847 0.07334225819062964 0.06775188336450239 -1000.0 
-1000.0 -1000.0 -0.06673967779192144 0.0674139017032006 0.07290015159958509 0.06537348129339174 0.06384207452069267 -1000.0 
-1000.0 -1000.0 -0.08493383547851335 -0.07794323376382847 0.06654795081136664 0.07151836379789767 0.060869008694687164 -1000.0 
-1000.0 -1000.0 -0.09047725811815432 0.0632502006912809 0.06780031635611708 0.06683263833987872 0.07118026438722738 -1000.0 
-1000.0 -1000.0 -0.06603628380787815 0.059527426401384906 0.05729137365987318 0.0675116652484681 0.062369874868715834 -1000.0 
-1000.0 -1000.0 0.07551749608183697 -1000.0 0.06544805592909234 0.06320438818093507 0.06771625318459527 -1000.0 
-1000.0 -1000.0 -0.08216026639601043 0.06690018767111398 0.06649818611166673 0.06370362932933979 0.07393957864999956 -1000.0 
-1000.0 -1000.0 0.06373772508468942 -0.060116888945729294 0.05227144608675242 0.06426105659280712 0.07549978924337426 -1000.0 
-1000.0 -1000.0 0.06397967585004333 0.05351382247681213 0.06265699073289026 0.06129478237483511 0.064656039525626 -1000.0 
-1000.0 -1000.0 0.06318276316742522 0.06052311245787873 0.06907168713749018 0.05923876358664124 0.07483609168485762 -1000.0 
-1000.0 -1000.0 0.06935606369133335 -1000.0 0.06506706626804376 0.0689756641845494 0.06221216766554838 -1000.0 
-1000.0 -1000.0 -0.05527965536050232 0.06161189484374721 0.07024934036182084 0.06986108025864297 0.06815686993116812 -1000.0 
-1000.0 -1000.0 0.06180573037374228 -0.041964483577219915 0.060708833003604384 0.06522108432571433 0.06320533362755698 -1000.0 
-1000.0 -1000.0 0.05972970416559489 0.05679378358063003 0.05526775354290382 0.06153349472713012 0.05750381256786097 -1000.0 
-1000.0 -1000.0 0.067283406226725 0.05424128277942679 0.05933259236965891 0.07050384172040654 0.07177411840354428 -1000.0 
-1.0 -1.0 -1.0 -1.0 -1.0 -1.0 -1.0 -1.0 
-1000.0 0.06373314446285469 -1000.0 -1000.0 -1000.0 -1000.0 -1000.0 -1000.0 
-1000.0 0.07044997479514598 -1000.0 -1000.0 -1000.0 -1000.0 -1000.0 -1000.0 
-1000.0 -0.042593250643396356 -1000.0 -1000.0 -1000.0 -1000.0 -1000.0 -1000.0 
-1000.0 0.09999999999999995 -1000.0 -1000.0 -1000.0 -1000.0 -1000.0 -1000.0 
0.06865112955438994 -1000.0 -1000.0 -1000.0 -1000.0 -1000.0 -1000.0 -1000.0 
0.013948283760483566 0.07907063929308879 -1000.0 -1000.0 -1000.0 -1000.0 -1000.0 -1000.0 
0.058999961090820396 0.08648810653526849 -1000.0 -1000.0 -1000.0 -1000.0 -1000.0 -1000.0 
0.06354836190688033 0.03870842952953918 -1000.0 -1000.0 -1000.0 -1000.0 -1000.0 -1000.0 
-0.08826179374153892 0.0729000000000001 -1000.0 -1000.0 -1000.0 -1000.0 -1000.0 -1000.0 
0.06636712043862225 -1000.0 -1000.0 -1000.0 -1000.0 -1000.0 -1000.0 -1000.0 
0.06533896159904383 0.056165814856750824 -1000.0 -1000.0 -1000.0 -1000.0 -1000.0 -1000.0 
0.06019064806052267 0.06630549350911814 -1000.0 -1000.0 -1000.0 -1000.0 -1000.0 -1000.0 
0.0576521320554595 -0.0826632131054724 -1000.0 -1000.0 -1000.0 -1000.0 -1000.0 -1000.0 
-0.03592871990871603 0.06595257959995182 -1000.0 -1000.0 -1000.0 -1000.0 -1000.0 -1000.0 
-0.0625137138956876 -1000.0 -1000.0 -1000.0 -1000.0 -1000.0 -1000.0 -1000.0 
-0.07216001934083878 0.05451313288109821 -1000.0 -1000.0 -1000.0 -1000.0 -1000.0 -1000.0 
-0.07994384008795036 0.057360990406871704 -1000.0 -1000.0 -1000.0 -1000.0 -1000.0 -1000.0 
-0.09239562548875185 -0.09390668539268665 -1000.0 -1000.0 -1000.0 -1000.0 -1000.0 -1000.0 
-0.09797278290021016 0.06810384753852537 -1000.0 -1000.0 -1000.0 -1000.0 -1000.0 -1000.0 
0.09999999999999995 -1000.0 -1000.0 -1000.0 -1000.0 -1000.0 -1000.0 -1000.0 
0.0729000000000001 -0.022767478610737933 -1000.0 -1000.0 -1000.0 -1000.0 -1000.0 -1000.0 
0.06376138200849704 -0.061052440296295786 -1000.0 -1000.0 -1000.0 -1000.0 -1000.0 -1000.0 
0.07174797168927276 -0.09684342498518084 -1000.0 -1000.0 -1000.0 -1000.0 -1000.0 -1000.0 
-0.08989812678274453 -0.04755349917064931 -1000.0 -1000.0 -1000.0 -1000.0 -1000.0 -1000.0 
-1.0 -1.0 -1.0 -1.0 -1.0 -1.0 -1.0 -1.0 
-1000.0 0.06247965679418273 -1000.0 0.06852952718612736 0.0623970267946851 -1000.0 -1000.0 -1000.0 
-1000.0 0.07175045411073272 -1000.0 0.07312802645699096 0.06660191856537453 -1000.0 -1000.0 -1000.0 
-1000.0 0.06608260430018777 -1000.0 0.06450961828223015 -0.0855481423122115 -1000.0 -1000.0 -1000.0 
-1000.0 0.09999999999999995 -1000.0 0.09999999999999995 0.06237310468205951 -1000.0 -1000.0 -1000.0 
0.0656068631381253 -1000.0 0.0679765118188613 -1000.0 0.05896208981500103 -1000.0 -1000.0 -1000.0 
0.0597652109022985 0.06769068007028266 0.059708463897746825 0.07267961671752705 0.062381558742429885 -1000.0 -1000.0 -1000.0 
0.06566708524151565 0.06948160572499769 0.06445472829244223 0.075435300935524 0.08097130929970486 -1000.0 -1000.0 -1000.0 
0.06270558045529726 0.07993046625395199 0.06264866941865152 0.09535387419741512 -0.0843481795031546 -1000.0 -1000.0 -1000.0 
0.05566121531387653 0.08100000000000009 0.05644702078002946 0.08100000000000009 0.060319575517139255 -1000.0 -1000.0 -1000.0 
0.07221087528464387 -1000.0 0.0728554849687059 -1000.0 0.06753678118852645 -1000.0 -1000.0 -1000.0 
0.06831981164698898 0.0650138066703835 0.06990282575634328 0.06610122654024042 0.08105936959518452 -1000.0 -1000.0 -1000.0 
0.06931687234813311 0.06369036283749129 0.07047005787735566 0.06446250780850538 0.06748957043167142 -1000.0 -1000.0 -1000.0 
0.06916327403660988 0.0557772984629894 0.06748999019393254 0.05857029891115641 -0.088569746074184 -1000.0 -1000.0 -1000.0 
0.06087216254613973 0.07001752019202584 0.06010933023321374 0.06602960550656549 0.061568861430738975 -1000.0 -1000.0 -1000.0 
0.06873569226154626 -1000.0 0.06338333285486614 -1000.0 -0.05595350528518899 -1000.0 -1000.0 -1000.0 
0.06528697890284121 0.06843038995501632 0.0652934092331474 0.07099694978965916 -0.08459990062595715 -1000.0 -1000.0 -1000.0 
0.054626277587726355 0.06625797010039294 0.05771195710406669 0.0657624542749595 -0.08544533070935964 -1000.0 -1000.0 -1000.0 
0.06389898459984973 0.06219214977983953 0.0636704759392569 0.062343507312244646 -0.06336585603049802 -1000.0 -1000.0 -1000.0 
0.017642329345826234 0.07338373760327127 -0.035981469667542974 0.07147305224842995 -0.06378033973550543 -1000.0 -1000.0 -1000.0 
0.09999999999999995 -1000.0 0.09999999999999995 -1000.0 0.06789757178279275 -1000.0 -1000.0 -1000.0 
0.08100000000000007 0.05722625998981358 0.08100000000000007 0.059556004266321606 0.061207829373605485 -1000.0 -1000.0 -1000.0 
0.06533079977241603 0.06387741486347667 0.06797284908825245 0.06406671735327577 0.06723398819201082 -1000.0 -1000.0 -1000.0 
0.07380509468062134 -0.02983242905465095 0.0727686246367821 -0.031792556498395894 -0.062446352039674906 -1000.0 -1000.0 -1000.0 
0.06762452228848691 0.06579618883066615 0.06614226524613716 0.0653600604133264 0.058830793860472526 -1000.0 -1000.0 -1000.0 
-1.0 -1.0 -1.0 -1.0 -1.0 -1.0 -1.0 -1.0 
-1000.0 0.0732767510687562 -1000.0 -0.007198121928063505 -1000.0 0.09000000000000012 -1000.0 -1000.0 
-1000.0 -0.032136651286966494 -1000.0 0.06668691278258593 -1000.0 -0.06963984277791323 -1000.0 -1000.0 
-1000.0 0.061484999820034456 -1000.0 0.09999999999999995 -1000.0 -0.03237837568664616 -1000.0 -1000.0 
-1000.0 0.10000000000000006 -1000.0 0.07099545800315621 -1000.0 0.06309466053740838 -1000.0 -1000.0 
0.0778854648242093 -1000.0 -0.05769770999145412 -1000.0 -1000.0 0.09000000000000012 -1000.0 -1000.0 
0.07509582249300109 0.07240936387569105 0.051421771084913054 0.08929685230329437 -1000.0 0.07786635335577656 -1000.0 -1000.0 
0.06727075455149102 0.08665844238930828 0.05364655174038128 0.07109820538879705 -1000.0 -0.09451447996661258 -1000.0 -1000.0 
0.06784279501113664 0.06908028741324657 -0.04762286774143326 0.06455889455524687 -1000.0 0.05943275452240496 -1000.0 -1000.0 
0.06079150674337665 0.06443286043461675 0.06034284503784829 0.06298790703121093 -1000.0 0.0749182138498945 -1000.0 -1000.0 
-0.021425449037188495 -1000.0 0.06404980390793041 -1000.0 -1000.0 -0.06499394908532871 -1000.0 -1000.0 
0.060218094064006314 0.06466583234244447 0.0647794149629396 0.06262958170030594 -1000.0 -0.05207499934883242 -1000.0 -1000.0 
0.057057600339700226 0.06728842317515765 0.0548893457705708 0.06245785081424179 -1000.0 -0.09488382247535385 -1000.0 -1000.0 
-0.027688789407397718 0.0683005711638732 0.06051625109989637 0.07457841866992873 -1000.0 -0.03792579719381748 -1000.0 -1000.0 
0.06092024540615497 0.07768739295796226 0.06576742352719692 0.07080426272156097 -1000.0 0.06756020273686064 -1000.0 -1000.0 
0.06004294142858502 -1000.0 0.09999999999999995 -1000.0 -1000.0 -0.056274910391593304 -1000.0 -1000.0 
0.06803856561548749 0.0690233921474758 0.07091770385122861 -0.01753000430127705 -1000.0 0.0588771684858416 -1000.0 -1000.0 
0.05666018840832352 -0.029045477367521128 0.07028456244048056 0.060089156889189047 -1000.0 0.011480499316552768 -1000.0 -1000.0 
0.05853342010571984 0.060575408464651696 -0.04142708518540342 -0.03803891994273301 -1000.0 0.04690904818392114 -1000.0 -1000.0 
0.05941539817789454 -0.0013168522187531617 0.061256994129638524 0.05622835888590377 -1000.0 0.07275915729521883 -1000.0 -1000.0 
0.09999999999999995 -1000.0 0.06593934830825524 -1000.0 -1000.0 0.06149924218789561 -1000.0 -1000.0 
0.07043868667244674 0.059329863269834804 0.06239275997306804 0.05920735607460062 -1000.0 0.06625498932095816 -1000.0 -1000.0 
0.07662521700169524 0.0611594450942852 0.0682924153315698 0.06062298595591363 -1000.0 -0.021925251249649322 -1000.0 -1000.0 
-0.035747935450272425 0.06551579995483917 0.08935648499518742 0.06304882769645577 -1000.0 0.06035152906844124 -1000.0 -1000.0 
0.0647932453660257 0.06055160885306619 0.07261975016919156 0.06712693245108216 -1000.0 0.07807084488092718 -1000.0 -1000.0 
-1.0 -1.0 -1.0 -1.0 -1.0 -1.0 -1.0 -1.0 
-1000.0 0.0684657317929122 -1000.0 0.06394320594284907 0.07393214865864096 -1000.0 -0.09999999999999995 -1000.0 
-1000.0 0.06626545837208889 -1000.0 0.10000000000000006 0.07584566585730529 -1000.0 0.07408298964639784 -1000.0 
-1000.0 0.06680294833835078 -1000.0 0.07349246659362713 0.07196617065510119 -1000.0 0.06970018790776285 -1000.0 
-1000.0 0.09999999999999995 -1000.0 0.07222010177611018 0.06527366499735168 -1000.0 0.06439663495981966 -1000.0 
0.06111147215100107 -1000.0 0.06059837742029046 -1000.0 0.07209899243447881 -1000.0 -0.10000000000000006 -1000.0 
0.07333651787519108 0.0758283351592686 0.07141031932368996 0.0728238771562446 0.06669396982878611 -1000.0 -0.09255000637841923 -1000.0 
0.06510399859604271 0.06871107143420269 0.0628837012682373 0.07224830019301544 0.07848169691002287 -1000.0 -0.09790908151623712 -1000.0 
0.07092524826256912 0.06545462868030334 0.06583527005231829 0.08755626515023501 0.0646503998176102 -1000.0 -0.08642662406860205 -1000.0 
0.059117365965840156 0.07178279986159203 0.06163838065336912 0.07907406337699552 0.07203528018685257 -1000.0 -0.0918211181332533 -1000.0 
0.06723698415898761 -1000.0 0.10000000000000006 -1000.0 0.0759200681226969 -1000.0 0.07593568508588922 -1000.0 
0.06633104521578352 0.06573558158636786 0.07402412136421899 0.05608368628288504 0.06997585295531913 -1000.0 -0.08551277334635954 -1000.0 
0.05436167954935748 0.06814328970091765 0.06782237822171468 0.06779053917968028 0.06834116175040028 -1000.0 0.06329282361025641 -1000.0 
0.06649124035576445 0.05569112540080382 0.06588754305356752 0.07399963592192581 0.06734490867444737 -1000.0 0.06027801154127041 -1000.0 
0.06705825739512546 0.06124113607934341 0.06514141402481737 0.0652878614561754 0.06529158818851077 -1000.0 0.06125160078427592 -1000.0 
0.062090617225313165 -1000.0 0.07550345520891326 -1000.0 0.0666030233078862 -1000.0 0.0689414688724928 -1000.0 
0.07043614403449308 0.05686121424009053 0.08435840859756913 0.06828091176290285 0.0658605781892551 -1000.0 -0.04285865732827873 -1000.0 
0.06434154895978501 0.06443850696990946 0.08049382385728339 0.06449815975664441 0.07180148253277273 -1000.0 0.05807004782345482 -1000.0 
0.05648386672031327 0.06725310895235641 0.07100988516782081 0.06683204963552589 0.0618023785509819 -1000.0 0.06501628604358682 -1000.0 
0.06254627304781867 0.0654510358479483 0.06643860077757632 0.055344208798883715 0.06062911401101123 -1000.0 0.06508381042656833 -1000.0 
0.09999999999999995 -1000.0 0.06701135426248594 -1000.0 0.0645155775836822 -1000.0 0.05937204073889174 -1000.0 
0.0720263482020359 0.062413764386583734 0.07402125880807821 0.0612111877703182 0.06799417076393906 -1000.0 0.07043928218461591 -1000.0 
0.06565730980328528 0.059566319648607036 0.06529561640026843 0.06316683167402802 0.0640834173628963 -1000.0 0.06264495311713458 -1000.0 
0.06615909649842298 0.06262548802030365 0.06779726234025386 0.07168094042729892 0.062373263234607575 -1000.0 0.06974536038404486 -1000.0 
0.067414136048113 0.061649327258494535 0.05972661722093919 0.06308051800248113 0.07339864414005448 -1000.0 0.05933834492419594 -1000.0 
-1.0 -1.0 -1.0 -1.0 -1.0 -1.0 -1.0 -1.0 
-1000.0 0.07737920408756306 -1000.0 0.10000000000000006 0.0824717515241662 0.07769760241556602 -1000.0 -0.09999999999999995 
-1000.0 0.07629287535827994 -1000.0 0.06420226822215434 0.06626991403976198 0.07189127077176782 -1000.0 -0.10000000000000006 
-1000.0 0.06881444147807937 -1000.0 0.07421153188609636 0.07600798861696831 0.087480930274009 -1000.0 -0.10000000000000006 
-1000.0 0.10000000000000006 -1000.0 0.08047356638649675 0.07770516592868125 0.06625612116670436 -1000.0 -0.10000000000000006 
0.07114179985374296 -1000.0 0.09999999999999995 -1000.0 0.08498419075474631 0.06917334699463888 -1000.0 -0.09999999999999995 
0.06654313066761654 0.0733806975247519 0.058915601787441596 0.08857558115929423 0.07043797064039499 0.07893521365548152 -1000.0 -0.10000000000000006 
0.0673593560999246 0.0730023994654102 0.07569968798402252 0.07098126945946591 0.06769117988760709 0.06482329160115352 -1000.0 -0.09999999999999995 
0.06916980802019833 0.07192432712972904 0.07215039208129467 0.0719478428973226 0.07381329748197246 0.07340958948680755 -1000.0 -0.09999999999999995 
0.06097416057665365 0.08465578426921884 0.0718358923657608 0.07387435056781716 0.06969002313302425 0.07685012149428945 -1000.0 -0.10000000000000006 
0.07769128329983246 -1000.0 0.07117243183088626 -1000.0 0.06448835146084575 0.06299252035645611 -1000.0 -0.10000000000000006 
0.05460086530222405 0.06795181355179755 0.07424312758119214 0.07807396148791731 0.0836310242365247 0.06878999291977102 -1000.0 -0.10000000000000006 
0.07674752105744909 0.06495336443438066 0.07276300190127985 0.06407486390676025 0.06908078079209125 0.06321076161498099 -1000.0 -0.10000000000000006 
0.06260368937203523 0.06647260541897375 0.07939456424004997 0.06784686748861886 0.06380412650015124 0.06264056796789746 -1000.0 -0.10000000000000006 
0.06721284894969616 0.0734434202085321 0.07996746649068784 0.07219620107771343 0.0707142988052537 0.06804995044328296 -1000.0 -0.09999999999999995 
0.0691007067311241 -1000.0 0.07621911156398826 -1000.0 0.08057050640951413 0.07064532285414832 -1000.0 -0.09999999999999995 
0.06514463615034645 0.07995741640822769 0.06200232287157608 0.07265975433662242 0.07102094573537919 0.064924638836626 -1000.0 -0.09999999999999995 
0.05928322367598637 0.062264065147097335 0.0710339650516193 0.05294910906627124 0.06424415272097048 0.0613503298025755 -1000.0 -0.09999999999999995 
0.06419400119725545 0.06614211331707492 0.06683185784410928 0.07738427728010318 0.058461365497192636 0.06649769562772957 -1000.0 -0.10000000000000006 
0.07363957217792882 0.0766499843409721 0.06186188446798482 0.06470281879244538 0.06370762169681787 0.06950218240610789 -1000.0 -0.09999999999999995 
0.09999999999999995 -1000.0 0.07758012040499518 -1000.0 0.07469068983225302 0.07111130911579087 -1000.0 -0.09999999999999995 
0.059809946573864875 0.0630347065353106 0.05418725029173189 0.06746717325752036 0.06776376187032622 0.0680409761105962 -1000.0 -0.09999999999999995 
0.0791196666846406 0.05912289044176697 0.07398550636927746 0.06429903277790718 0.07079726433344997 0.070429513013787 -1000.0 -0.09999999999999995 
0.07591776660133906 0.0712990087682593 0.0578866084792909 0.06088614394085983 0.05813548478988434 0.0610313040682471 -1000.0 -0.09999999999999995 
0.06980613216101111 0.06761956691545348 0.06640333879179168 0.06008721594899049 0.06653454889190073 0.06551193787480049 -1000.0 -0.09999999999999995 
-1.0 -1.0 -1.0 -1.0 -1.0 -1.0 -1.0 -1.0 
-1000.0 -0.08157651786440474 -1000.0 -1000.0 0.08100000000000009 -1000.0 -1000.0 -1000.0 
-1000.0 0.0626018397733184 -1000.0 -1000.0 0.0694709766667896 -1000.0 -1000.0 -1000.0 
-1000.0 0.10000000000000006 -1000.0 -1000.0 0.0733008378874863 -1000.0 -1000.0 -1000.0 
-1000.0 0.06218254049296215 -1000.0 -1000.0 0.06988886108044493 -1000.0 -1000.0 -1000.0 
-0.08712777661904081 -1000.0 -1000.0 -1000.0 0.08100000000000009 -1000.0 -1000.0 -1000.0 
-0.018907399582188143 -0.08993826890748963 -1000.0 -1000.0 0.0704346050828641 -1000.0 -1000.0 -1000.0 
-0.04103422659689561 0.07455187867446522 -1000.0 -1000.0 0.06800519723339686 -1000.0 -1000.0 -1000.0 
-0.09314033594958585 0.05893801275856263 -1000.0 -1000.0 0.06904452025105519 -1000.0 -1000.0 -1000.0 
-0.0016512656369924716 0.06331402812541893 -1000.0 -1000.0 0.09214358974702469 -1000.0 -1000.0 -1000.0 
0.06301632469932811 -1000.0 -1000.0 -1000.0 0.07028566082848042 -1000.0 -1000.0 -1000.0 
0.06133772856469868 -0.03293157758248395 -1000.0 -1000.0 0.06115791254901982 -1000.0 -1000.0 -1000.0 
0.07243357597243845 0.06045729824635558 -1000.0 -1000.0 0.06508989271379954 -1000.0 -1000.0 -1000.0 
-0.07351119018296476 0.0678226320729817 -1000.0 -1000.0 0.0641448849302146 -1000.0 -1000.0 -1000.0 
0.05696040924675818 0.08091739700902227 -1000.0 -1000.0 0.05626327504067086 -1000.0 -1000.0 -1000.0 
0.10000000000000006 -1000.0 -1000.0 -1000.0 0.07269494660741281 -1000.0 -1000.0 -1000.0 
0.06222222446101273 -0.042816283721909355 -1000.0 -1000.0 0.06667779543953835 -1000.0 -1000.0 -1000.0 
0.06703658515478206 -0.04883249653824552 -1000.0 -1000.0 0.07175879960999319 -1000.0 -1000.0 -1000.0 
-0.0943690684381304 -0.03992516157290397 -1000.0 -1000.0 0.06757077207987024 -1000.0 -1000.0 -1000.0 
0.06409955181210977 -0.08557373085289252 -1000.0 -1000.0 0.06034524542859758 -1000.0 -1000.0 -1000.0 
0.05867502323903579 -1000.0 -1000.0 -1000.0 0.06829653385230564 -1000.0 -1000.0 -1000.0 
0.06466732528274574 -0.04566342604495656 -1000.0 -1000.0 0.06493526476325753 -1000.0 -1000.0 -1000.0 
0.07907615473812467 0.06337766798251089 -1000.0 -1000.0 0.05738257004166021 -1000.0 -1000.0 -1000.0 
-0.08764831237602203 0.06816790418577409 -1000.0 -1000.0 0.06205965477227712 -1000.0 -1000.0 -1000.0 
0.061446842683602974 0.06617677442841981 -1000.0 -1000.0 -0.02840359693880192 -1000.0 -1000.0 -1000.0 
-1.0 -1.0 -1.0 -1.0 -1.0 -1.0 -1.0 -1.0 
-1000.0 -0.013509337204856352 -1000.0 0.06951326967697936 -1000.0 0.08999999999999998 -1000.0 -1000.0 
-1000.0 0.06761377358885497 -1000.0 -0.031523234081440005 -1000.0 -0.0884664769842218 -1000.0 -1000.0 
-1000.0 0.09999999999999995 -1000.0 0.0654926880073463 -1000.0 -0.03465756882661404 -1000.0 -1000.0 
-1000.0 0.06501722645047896 -1000.0 0.09999999999999995 -1000.0 0.06086759087119867 -1000.0 -1000.0 
-0.0011438695647566065 -1000.0 0.07000631518505031 -1000.0 -1000.0 0.08999999999999998 -1000.0 -1000.0 
0.05593004546411949 0.06391403840573276 0.07179129599618705 0.07104927681365028 -1000.0 0.07598142304467476 -1000.0 -1000.0 
0.05746386988449124 0.07088601057714722 0.06749591415907255 0.06410349070765826 -1000.0 -0.09831934557989605 -1000.0 -1000.0 
-0.0011570675489793875 0.06604905541320544 0.06328052493478825 0.07224132191687375 -1000.0 0.060705540540421835 -1000.0 -1000.0 
0.060909758614331524 0.0704808634469361 0.06048451075323938 0.06558082506450195 -1000.0 0.05547263056007679 -1000.0 -1000.0 
0.06658223603179447 -1000.0 0.004126898293202414 -1000.0 -1000.0 -0.08353087987033289 -1000.0 -1000.0 
0.06472742998586703 0.06231400883015448 0.0601111400911999 0.07257449230676888 -1000.0 -0.07177936619381316 -1000.0 -1000.0 
0.0671816775012356 0.06184954319029371 0.05521345626089214 0.058404884264137064 -1000.0 -0.07501522644040357 -1000.0 -1000.0 
0.05740743389608294 0.07090156000247885 -0.03557636008046848 0.06341194124101243 -1000.0 -0.06751918761469963 -1000.0 -1000.0 
0.06453627998415902 0.06994689664556572 0.05914793403122389 0.07092847869555297 -1000.0 -0.06848106267724019 -1000.0 -1000.0 
0.09999999999999995 -1000.0 0.0680847559763016 -1000.0 -1000.0 0.08097532759311266 -1000.0 -1000.0 
0.06653524813646003 -0.01288192008309739 0.06434365613476303 0.05938302412445653 -1000.0 0.052907833737397575 -1000.0 -1000.0 
0.07287704486961014 0.06064671394790681 0.07073050225071792 -0.040486706724003764 -1000.0 0.05917428463369997 -1000.0 -1000.0 
-0.012979755335274405 -0.04677142796869485 0.057755952015795385 0.05921398843685881 -1000.0 0.05170529775000025 -1000.0 -1000.0 
0.06671702852790613 0.05338922499164852 0.06660871888446192 -0.04740570937490693 -1000.0 0.08223640485193547 -1000.0 -1000.0 
0.06601314480676743 -1000.0 0.09999999999999995 -1000.0 -1000.0 0.06288078292699917 -1000.0 -1000.0 
0.067140611851461 0.05997132486297354 0.06564546804939139 0.06949535508235537 -1000.0 0.06241191005031897 -1000.0 -1000.0 
0.07077135518847974 0.06958253658349203 0.0708542604641769 0.06118128759043201 -1000.0 -0.08752813227344267 -1000.0 -1000.0 
0.06443181409219603 0.06487273708698856 0.015594869274697075 0.06951493749926378 -1000.0 0.060768071338739814 -1000.0 -1000.0 
0.07034089109013295 0.06442928142533479 0.06489423991559753 0.06501240674619671 -1000.0 0.08099985035100288 -1000.0 -1000.0 
-1.0 -1.0 -1.0 -1.0 -1.0 -1.0 -1.0 -1.0 
-1000.0 0.07156791038926175 -1000.0 0.07044708021949915 0.08001508501198332 -0.10000000000000006 -1000.0 -1000.0 
-1000.0 0.06608942089886796 -1000.0 0.06821215191384843 0.07275427026765593 0.07356689832575088 -1000.0 -1000.0 
-1000.0 0.10000000000000006 -1000.0 0.10000000000000006 0.06975731174091236 0.06910123993128206 -1000.0 -1000.0 
-1000.0 0.07125709576209989 -1000.0 0.06972506128647823 0.06100079809445043 0.06565665665593229 -1000.0 -1000.0 
0.06514524799516475 -1000.0 0.06472226555265653 -1000.0 0.07906728451343581 -0.10000000000000006 -1000.0 -1000.0 
0.06588078313659004 0.06078264649005857 0.0645639450829095 0.06164881177995532 0.07286363494997904 -0.09949140985190194 -1000.0 -1000.0 
0.06378087764112417 0.07110487268652062 0.06430756580304872 0.06926620814082755 0.07877355937967612 -0.08458713445674446 -1000.0 -1000.0 
0.061086730711860104 0.0723117503357147 0.06050710131682044 0.07064832472518295 0.06720948193674682 -0.06949481175819638 -1000.0 -1000.0 
0.05794510129734 0.06636999884283115 0.06062778300024978 0.06511672730040988 0.06342760563913227 -0.018081059034143553 -1000.0 -1000.0 
0.06873247467754799 -1000.0 0.07449786965527505 -1000.0 0.07163216504896641 0.06947935205463467 -1000.0 -1000.0 
0.06612053930923303 0.06264318512543146 0.06609702613021853 0.06426110674460296 0.06396678602228842 -0.07542854720039167 -1000.0 -1000.0 
0.06430241278681209 0.06741982103556896 0.06513426028992081 0.06493192746470108 0.06179308995646832 0.06330727312440154 -1000.0 -1000.0 
0.05988151954794811 0.07330434636952737 0.05926438267449334 0.07124964368321729 0.06358933706728946 0.060523075310676855 -1000.0 -1000.0 
0.06973819872281654 0.06633543461668946 0.0693325258634046 0.06732356676188865 0.06525783808353643 0.05537459428455088 -1000.0 -1000.0 
0.09999999999999995 -1000.0 0.09999999999999995 -1000.0 0.07063936794670478 0.07313932415803488 -1000.0 -1000.0 
0.07172090281153132 0.061470232934862715 0.0743453836969433 0.06197285101221166 0.06909239885797945 -0.05946090487955978 -1000.0 -1000.0 
0.07467145173394565 0.05982084622736773 0.07320006276721673 0.06447284359442657 0.07932099832902083 0.055071411141946566 -1000.0 -1000.0 
0.07099925741871378 0.06543016780492561 0.06893425125991176 0.06337507659087643 0.06345799854557548 0.060599043317085634 -1000.0 -1000.0 
0.06925233928176748 0.06533746897489764 0.0670889427899805 0.06716928455956474 0.07183838684658035 0.06950429255239496 -1000.0 -1000.0 
0.07066672690677653 -1000.0 0.07105471978244975 -1000.0 0.06297558593381197 0.06143575093956267 -1000.0 -1000.0 
0.06553497691630472 0.06120434550546142 0.06590726549697778 0.059683854236576885 0.07102253060740234 0.06752602571236993 -1000.0 -1000.0 
0.0748541222680186 0.0718111640613745 0.07639329830463112 0.07330792656178617 0.06248033823542726 0.07206603969248593 -1000.0 -1000.0 
0.06345464120788677 0.06499777643538195 0.062330012204045694 0.06484006133462848 0.06140998664960608 0.07652590075295465 -1000.0 -1000.0 
0.0753135894761895 0.06883843352287948 0.06970689781979257 0.0681474180107665 0.0716691066680602 0.058888997565296516 -1000.0 -1000.0 
-1.0 -1.0 -1.0 -1.0 -1.0 -1.0 -1.0 -1.0 
-1000.0 0.07631175965620676 -1000.0 0.07624005951437693 -1000.0 0.05491850329793718 -0.09999999999999995 -1000.0 
-1000.0 0.07690173864947969 -1000.0 0.10000000000000006 -1000.0 0.08569183671605332 -0.09999999999999995 -1000.0 
-1000.0 0.09999999999999995 -1000.0 0.08699583221621075 -1000.0 0.07933871546104715 -0.09999999999999995 -1000.0 
-1000.0 0.08469817228598683 -1000.0 0.06667363733261486 -1000.0 0.0640993973847122 -0.10000000000000006 -1000.0 
0.07749046621340325 -1000.0 0.07568861869015248 -1000.0 -1000.0 0.05509669782873543 -0.09999999999999995 -1000.0 
0.07489023057787894 0.07105087968585377 0.06753451509817472 0.07137435606780758 -1000.0 0.0678111242367089 -0.10000000000000006 -1000.0 
0.059458113443096455 0.07189424253136852 0.0708396341207468 0.08732345772611158 -1000.0 0.07427533156635177 -0.09999999999999995 -1000.0 
0.05433950508673284 0.08724745195757505 0.05511320821829546 0.07005765827552238 -1000.0 0.07345441857806312 -0.10000000000000006 -1000.0 
0.06644778190863639 0.06992697483873406 0.07040203602756048 0.06360060718015409 -1000.0 0.06971123855177644 -0.09999999999999995 -1000.0 
0.0775801901294031 -1000.0 0.09999999999999995 -1000.0 -1000.0 0.08151338386142692 -0.09999999999999995 -1000.0 
0.06713696921956998 0.06309691209401597 0.08491518728041678 0.07110643475671181 -1000.0 0.0680979005042193 -0.10000000000000006 -1000.0 
0.07146258019795076 0.06855862513966021 0.06381318039872519 0.06896177138150207 -1000.0 0.06936686722894322 -0.09999999999999995 -1000.0 
0.056968216855694344 0.0649828766176298 0.07791946129149045 0.07213512982532704 -1000.0 0.06624439424857674 -0.10000000000000006 -1000.0 
0.06871135746266706 0.0885875909533842 0.07470450971131465 0.07062547346100392 -1000.0 0.07474073570860759 -0.09999999999999995 -1000.0 
0.10000000000000006 -1000.0 0.08629615015854793 -1000.0 -1000.0 0.0760733616428731 -0.10000000000000006 -1000.0 
0.08540041368216879 0.054388559465008604 0.06920574641249586 0.06472025461012437 -1000.0 0.059405101122215496 -0.09999999999999995 -1000.0 
0.0642820138249939 0.06615798807869192 0.06471327512740366 0.07694901450132273 -1000.0 0.0743090797381604 -0.09999999999999995 -1000.0 
0.07599106011885072 0.07843979462561951 0.0730630785020896 0.0692011824416757 -1000.0 0.05698183764713659 -0.10000000000000006 -1000.0 
0.07830115822202582 0.07128430061620886 0.07246790523899752 0.06750244913986403 -1000.0 0.06759908869584849 -0.09999999999999976 -1000.0 
0.08156810326344309 -1000.0 0.07318217898726646 -1000.0 -1000.0 0.08293123030543363 -0.10000000000000006 -1000.0 
0.06776277771530514 0.05625125881923778 0.08186347998148358 0.06664413633780815 -1000.0 0.06661446218250004 -0.10000000000000006 -1000.0 
0.06569269260032705 0.06866571308342091 0.07033503941027118 0.07705525301948013 -1000.0 0.06677079617066578 -0.09999999999999995 -1000.0 
0.07113229208879127 0.07614268038754574 0.06206801932920806 0.07119443521025044 -1000.0 0.07027806627738131 -0.09999999577358909 -1000.0 
0.07061800852267552 0.06882502788254106 0.06858124226727486 0.07213781592894015 -1000.0 0.06868332300015653 -0.10000000000000006 -1000.0 
-1.0 -1.0 -1.0 -1.0 -1.0 -1.0 -1.0 -1.0 
-1000.0 0.06751568618797132 -1000.0 0.09999999999999995 0.09000000000000012 -1000.0 0.0729000000000001 0.0729000000000001 
-1000.0 0.07366652484800032 -1000.0 0.0743264041896449 0.08481774388282518 -1000.0 0.0640423251680219 0.06488233282805118 
-1000.0 0.09999999999999995 -1000.0 0.06784886876979586 0.08032284397025921 -1000.0 0.07513608096626902 0.07343395274375836 
-1000.0 0.07765329570274172 -1000.0 0.06859700502367304 0.0649599176201454 -1000.0 -0.08186634672778542 -0.0609220735715045 
0.06791779116560405 -1000.0 0.10000000000000006 -1000.0 0.09 -1000.0 0.0729000000000001 0.0729000000000001 
0.06367089990625109 0.06463465934956526 0.07356137089285222 0.07349301864941998 0.06625044316154848 -1000.0 0.0629992562531949 0.059665209665447326 
0.06950384755277178 0.07481384942696662 0.06822489983215743 0.06271358845214012 0.079928719182767 -1000.0 0.05607401516323553 0.06385861260992921 
0.06582479196870863 0.07459466850825167 0.06870451137422401 0.06257197228878517 0.06795863313026594 -1000.0 0.08372552339783429 0.07656305204553297 
0.06739516760888853 0.06422500169099608 0.07063834579935954 0.06314449387535513 0.09605549563477603 -1000.0 0.07952205486190894 0.07759482123231444 
0.07637692519500172 -1000.0 0.07444520313007041 -1000.0 0.08317096164061674 -1000.0 0.06469487241925365 0.057691624335715994 
0.06302646483461147 0.06354109324090446 0.06426848225914067 0.06944455607663261 0.07395556701189729 -1000.0 0.007435712261077676 -0.054113821958971874 
0.06826198263895825 0.07560722821621604 0.06751840008821627 0.07483483577723696 0.06188105927381021 -1000.0 0.06451001165262765 0.05223795346987747 
0.060745492464312836 0.06743997261158023 0.0635491867838022 0.06366004550236551 0.06349614699522337 -1000.0 0.06386971583933856 0.06509280332933808 
0.06335665924303789 0.08732212158013437 0.0777058490326305 0.06209580568987557 0.06814374720280249 -1000.0 -0.09666820616635716 -0.08423848410500523 
0.10000000000000006 -1000.0 0.06785181043817592 -1000.0 0.07169894970350979 -1000.0 0.06506364659766019 0.06708448578929874 
0.07846254833138074 0.06529020513277962 0.07431933052499037 0.07128969908761897 0.07515713208652733 -1000.0 0.06199074988357693 0.07101167899485625 
0.06873657000772221 0.06585626598296263 0.06369782232474142 0.06482313617096622 0.055347080196618374 -1000.0 0.06100694062533366 0.059499113438292464 
0.07154755818720737 0.06790743229701374 0.06148766308011104 0.06784045803437419 0.065121107565539 -1000.0 0.05463975427032185 0.058069453516156264 
0.07861923969889278 0.06718127163741068 0.07086296230695838 0.06534891283648062 0.07010619005232537 -1000.0 -0.05675835053397253 -0.06082890643316266 
0.07520205774960366 -1000.0 0.06780042612073323 -1000.0 0.06575331560457086 -1000.0 -0.04907769748312429 -0.05061910986322359 
0.06419498663845147 0.05704566494871105 0.06732855664423656 0.07055599585307695 0.07214859069790239 -1000.0 -0.045735573713730694 -0.005083552464806795 
0.06369646688611834 0.06553190015158869 0.0728870561392562 0.06505963712831708 0.06285987778049609 -1000.0 -0.07119811119538576 -0.06306686968487596 
0.06398286615266134 0.07665980638296158 0.06855358753940258 0.07536089445638557 0.06907943564384351 -1000.0 -0.057975799074332104 -0.04244721336455371 
0.07851911745990295 0.06856052272514351 0.0667048222982226 0.06320534088679534 0.0722490064479039 -1000.0 -0.09790450400414388 -0.09618978583380808 
-1.0 -1.0 -1.0 -1.0 -1.0 -1.0 -1.0 -1.0 
-1000.0 0.06295910005555805 -1000.0 -1000.0 0.06656381344122543 0.07015482292237797 -1000.0 -1000.0 
-1000.0 0.10000000000000006 -1000.0 -1000.0 0.07026812934756961 0.0700531671471724 -1000.0 -1000.0 
-1000.0 0.09000000000000012 -1000.0 -1000.0 -0.021024560542150128 -0.043938279716312756 -1000.0 -1000.0 
-1000.0 -0.08398704850949398 -1000.0 -1000.0 0.06627038749780778 0.06315215593019576 -1000.0 -1000.0 
0.06301489502640692 -1000.0 -1000.0 -1000.0 0.06636922424410412 0.06600451124719178 -1000.0 -1000.0 
0.06485932020900632 0.07660069162171126 -1000.0 -1000.0 0.0709782720820294 0.0653718280464876 -1000.0 -1000.0 
-0.0704635198427461 0.09000000000000012 -1000.0 -1000.0 0.07280928908946568 0.06965077106106372 -1000.0 -1000.0 
0.062104907041456804 0.08024403963395611 -1000.0 -1000.0 0.06612519015286338 0.08610300270801029 -1000.0 -1000.0 
0.08085915114962096 -0.06789561982430115 -1000.0 -1000.0 0.06736604309665745 0.07282127071520282 -1000.0 -1000.0 
0.09999999999999995 -1000.0 -1000.0 -1000.0 0.06820750742553346 0.07737792915454152 -1000.0 -1000.0 
0.09000000000000012 0.07208099601334597 -1000.0 -1000.0 0.06946338458149787 0.07717344125902356 -1000.0 -1000.0 
-0.0507693255515271 -0.0633911891205634 -1000.0 -1000.0 0.06367707220200595 0.0667037325258706 -1000.0 -1000.0 
-0.03533765993940988 -0.07884266012052338 -1000.0 -1000.0 0.06280826972908174 0.06938540360708316 -1000.0 -1000.0 
0.06426225544374298 -0.09973855955905639 -1000.0 -1000.0 0.05753210551273309 0.06275938448214899 -1000.0 -1000.0 
0.09000000000000012 -1000.0 -1000.0 -1000.0 -9.581131643808388E-4 0.003645699251391717 -1000.0 -1000.0 
0.07958399003168302 0.07004789557369025 -1000.0 -1000.0 0.05665220152651064 0.05768618676686751 -1000.0 -1000.0 
-0.04609774621947166 -0.04686269484046452 -1000.0 -1000.0 0.054010977657630896 0.0529887930141376 -1000.0 -1000.0 
0.05864239245725801 0.06025790250807443 -1000.0 -1000.0 -0.02844295269359852 -0.02208219496506716 -1000.0 -1000.0 
0.0740013974544756 0.07029716170068574 -1000.0 -1000.0 0.06212565643248513 0.06134795572135559 -1000.0 -1000.0 
-0.07480206627793598 -1000.0 -1000.0 -1000.0 0.06581125948507105 0.0594164510157159 -1000.0 -1000.0 
-0.0877872672416441 0.07915706006114477 -1000.0 -1000.0 0.06585963873289846 0.06782635617594343 -1000.0 -1000.0 
-0.08543983288069656 0.05958986365320646 -1000.0 -1000.0 0.0742209507078534 0.05839266886832881 -1000.0 -1000.0 
-0.03839985518929037 0.06598687636224368 -1000.0 -1000.0 0.06104195847549111 0.05853874857725405 -1000.0 -1000.0 
0.05635382169850167 -0.06375493319521788 -1000.0 -1000.0 0.06212582323787096 0.06471530980938567 -1000.0 -1000.0 
-1.0 -1.0 -1.0 -1.0 -1.0 -1.0 -1.0 -1.0 
-1000.0 0.06252911312663488 -1000.0 0.07052674193800623 0.07186058772787218 -1000.0 -0.09999999999999995 -1000.0 
-1000.0 0.10000000000000006 -1000.0 0.06990747399045959 0.07415321663358691 -1000.0 0.07320725753376969 -1000.0 
-1000.0 0.07901020752785567 -1000.0 0.06544366285193612 0.07236619228269985 -1000.0 0.06742688559794385 -1000.0 
-1000.0 0.07321276513074945 -1000.0 0.09999999999999995 0.07416582211841048 -1000.0 0.06220271087386293 -1000.0 
0.06734726288981582 -1000.0 0.07697258574854052 -1000.0 0.07060873029569291 -1000.0 -0.09999999999999995 -1000.0 
0.07254028203165114 0.06434806380814244 0.06279445662438715 0.08039319477486886 0.06638646149894693 -1000.0 -0.045062177964201026 -1000.0 
0.06305585071677337 0.07847997510477023 0.0665156660723617 0.07128339214397454 0.07547060566887302 -1000.0 -0.08358110069659994 -1000.0 
0.06330858775594178 0.0689276866539103 0.06713916340768847 0.06846666679520952 0.06282423073826149 -1000.0 -0.06914429406547476 -1000.0 
0.07251627041742299 0.08056550364812226 0.06449508450827314 0.07453209454024859 0.07417651153350754 -1000.0 -0.06877951312122495 -1000.0 
0.09999999999999995 -1000.0 0.07186815680702124 -1000.0 0.07578413620823465 -1000.0 0.07128189589658225 -1000.0 
0.08152287145425809 0.06504684852034545 0.06949559301798926 0.060610811781182224 0.0684831871734511 -1000.0 -0.07212597144769381 -1000.0 
0.06937592448154856 0.06899768911790924 0.0754344362382603 0.07048733420790448 0.07034519983666196 -1000.0 0.06341370654889511 -1000.0 
0.0704954841662401 0.06346528100571222 0.06482226989366756 0.06318723990395499 0.06580052065897506 -1000.0 0.05993431673029556 -1000.0 
0.06712698430892672 0.061977013775115095 0.06869557226161115 0.07352913185266827 0.06700255112532358 -1000.0 0.06364198276998259 -1000.0 
0.07832148978770316 -1000.0 0.060072050164246105 -1000.0 0.06456822242719651 -1000.0 0.07255654093105454 -1000.0 
0.06693824599682335 0.07289521642504304 0.07101366837027234 0.0686212637216917 0.06739195863863706 -1000.0 -0.0731328510554809 -1000.0 
0.08095675975879654 0.07088298539550497 0.06231142799015167 0.06349839126058783 0.06326439412197485 -1000.0 0.05763772382611867 -1000.0 
0.0702370125169603 0.06874613149401297 0.060679583919096475 0.07281185485181534 0.06250714138715333 -1000.0 0.06247584745462267 -1000.0 
0.06470851308974036 0.07585896259362235 0.06986879709477803 0.06997447294408082 0.05989859277144524 -1000.0 0.07203539976722971 -1000.0 
0.06996588804448134 -1000.0 0.09999999999999995 -1000.0 0.06912576715417865 -1000.0 0.06332591113238423 -1000.0 
0.060659752185766636 0.07182125509802391 0.07833862442508979 0.0627687965412573 0.06732301334854614 -1000.0 -0.06938996755781313 -1000.0 
0.0625000983654927 0.05940725545793786 0.07139514388766205 0.06283918541576615 0.06634556696453375 -1000.0 0.06906592220918206 -1000.0 
0.06995884630876176 0.07080591394853188 0.07107493496889719 0.06959886706765175 0.06352200661934303 -1000.0 0.061841290476835765 -1000.0 
0.0646474941511752 0.06031417094095048 0.0616987760785985 0.06183775619499197 0.07072559699561604 -1000.0 0.06650208517543046 -1000.0 
-1.0 -1.0 -1.0 -1.0 -1.0 -1.0 -1.0 -1.0 
-1000.0 0.0706015291390619 -1000.0 0.08961523756280877 -1000.0 0.0610155254774257 -0.09999999999999995 -1000.0 
-1000.0 0.09999999999999995 -1000.0 0.0714289922499778 -1000.0 0.07237718262561102 -0.09999999999999995 -1000.0 
-1000.0 0.06785296390222298 -1000.0 0.10000000000000006 -1000.0 0.07966067136107478 -0.09999999999999995 -1000.0 
-1000.0 0.06208659854598272 -1000.0 0.06718566450547712 -1000.0 0.06896956086778398 -0.10000000000000006 -1000.0 
0.06907097066113542 -1000.0 0.07359001993656408 -1000.0 -1000.0 0.08468240922375435 -0.09999999999999995 -1000.0 
0.06780019121273329 0.07369193800314418 0.06292930246532108 0.07611192692892535 -1000.0 0.07444629555189555 -0.09999999999999995 -1000.0 
0.07269094452697589 0.07241415511946325 0.060378414667348085 0.07978702793381293 -1000.0 0.0729503669231963 -0.09999999999999995 -1000.0 
0.06537081276513905 0.07464664109573563 0.07148771210797097 0.06785730343889387 -1000.0 0.0765657466658711 -0.10000000000000006 -1000.0 
0.06493639581926745 0.06655686184727504 0.06756040308569342 0.06827473850306937 -1000.0 0.08528179217903159 -0.10000000000000006 -1000.0 
0.09999999999999995 -1000.0 0.07100591422516489 -1000.0 -1000.0 0.0772759932781215 -0.09999999999999995 -1000.0 
0.06603091266075768 0.06583026509477227 0.06626903984177308 0.06155417309504138 -1000.0 0.05953489929633402 -0.09999999999999995 -1000.0 
0.06565240385322384 0.06377737866171268 0.07018328772981543 0.06643688757839908 -1000.0 0.06713954922922528 -0.10000000000000006 -1000.0 
0.08248849819600902 0.06649692233992369 0.0626272303575987 0.0621484698982597 -1000.0 0.07646937433836445 -0.09999999999999995 -1000.0 
0.0664582966872034 0.060753726698443956 0.06548452063648648 0.06794987625017235 -1000.0 0.06119427675633307 -0.10000000000000006 -1000.0 
0.0699039362509512 -1000.0 0.10000000000000006 -1000.0 -1000.0 0.075875414205889 -0.10000000000000006 -1000.0 
0.06898733623293984 0.07073714276099544 0.07072638791919254 0.07119432404968395 -1000.0 0.05309260486009462 -0.10000000000000006 -1000.0 
0.06635071451915314 0.0717247687338573 0.0658976428630015 0.06675796463525174 -1000.0 0.0743926271804856 -0.10000000000000006 -1000.0 
0.07445690838880983 0.0632366145011863 0.08587702036076995 0.0688846036804814 -1000.0 0.05526181328571275 -0.09999999999999995 -1000.0 
0.07280224307565925 0.05409055804529828 0.07478935388858404 0.06499062775510886 -1000.0 0.06612786143028301 -0.0999992482082395 -1000.0 
0.06636540312848661 -1000.0 0.0679286218035567 -1000.0 -1000.0 0.06827888061519835 -0.10000000000000006 -1000.0 
0.06467898616581517 0.06577808840446293 0.07047232053779473 0.06771971553630905 -1000.0 0.0642229373992394 -0.10000000000000006 -1000.0 
0.06462143734931614 0.06615393651932547 0.06439875203722958 0.06471793091783347 -1000.0 0.059449503605382766 -0.09999999999999995 -1000.0 
0.06052892641701392 0.06665113515397508 0.07586975088394493 0.06800512429499381 -1000.0 0.05974031862565773 -0.09999999999999995 -1000.0 
0.06826442220996663 0.07145230618619368 0.08023314439272877 0.06694507456226792 -1000.0 0.07319534945962913 -0.09999999999999995 -1000.0 
-1.0 -1.0 -1.0 -1.0 -1.0 -1.0 -1.0 -1.0 
-1000.0 0.0641664911692848 -1000.0 0.06354570409752135 0.07633506630721018 0.0729000000000001 0.0729000000000001 -1000.0 
-1000.0 0.10000000000000006 -1000.0 0.09999999999999995 0.05970298885408341 0.06464498451239128 0.07129191814081459 -1000.0 
-1000.0 0.09000000000000012 -1000.0 0.09000000000000012 0.0670715633143435 0.07059177553899446 0.07406950643309948 -1000.0 
-1000.0 0.08375450632506631 -1000.0 0.08608617018890324 0.0705291109434367 -0.06830722443739187 -0.06590343101311896 -1000.0 
0.06714345704209775 -1000.0 0.06511243081028202 -1000.0 0.07728586001748039 0.0729000000000001 0.0729000000000001 -1000.0 
0.0725126560354719 0.08224056290159165 0.07472306327850631 0.09005373930142749 0.06376314523215251 0.06337725337115296 0.059898208605006324 -1000.0 
0.064256732928931 0.08999999999999998 0.06376917551024923 0.08999999999999998 0.0709163779298966 0.0668384830501808 0.07737628225324164 -1000.0 
0.06464974969823205 0.06470008920256669 0.06935220837878707 0.06431010432979356 0.06455440808315245 0.08833936034481461 0.07707306358267163 -1000.0 
0.06820719536206374 0.0790396463496538 0.06748921253002478 0.08046431310029445 0.06975620330747076 0.07926871382876455 0.06428559250446078 -1000.0 
0.10000000000000006 -1000.0 0.10000000000000006 -1000.0 0.0662729294685757 0.0727043350183802 0.06473962617578792 -1000.0 
0.09000000000000012 0.07733450616301216 0.09000000000000012 0.07702121122189617 0.06254904839362999 -0.02565520182079752 -0.0365033615743303 -1000.0 
0.08626205625719802 0.08433923776904945 0.08563670525650226 0.0827924679911659 0.06099578324764977 0.06075417480551694 0.05759946480399446 -1000.0 
0.07531429216960007 0.07477515324037581 0.07940463643584414 0.07349443043264871 0.06605035347915617 0.06741321089919067 0.0650914411387424 -1000.0 
0.06445702970294122 0.06047372198028555 0.06720951838379124 0.0636776542173324 0.06958398502726307 -0.09564199770004547 -0.08595575720549573 -1000.0 
0.08999999999999998 -1000.0 0.08999999999999998 -1000.0 0.06678731200535411 0.06762042238672168 0.06832855080226502 -1000.0 
0.06484401036888512 0.06696912006359976 0.06434992236468944 0.06621840212600563 0.06414047789384396 0.0645632640032096 0.06320302063312795 -1000.0 
0.07940294210152277 0.06939441120016109 0.0779322824954814 0.07239965263716631 0.07104703230913895 0.06232800408858647 0.05251612130602014 -1000.0 
0.06634295274529767 0.07411313626526761 0.06357301062876149 0.07550274347102764 0.07112611298487585 0.05847222820050614 0.059185403315674574 -1000.0 
0.09600836973092794 0.059431665316844164 0.08910498802573605 0.06036918533196013 0.06562621697545275 -0.05207035449063424 -0.04726600865598985 -1000.0 
0.08367319243932175 -1000.0 0.08578535885851311 -1000.0 0.0670218328199343 -0.07163185895734114 -0.04465849985403593 -1000.0 
0.07240513664027064 0.06935778535442466 0.07439499511052472 0.07137562396521911 0.0650631678733114 -0.08529460714698067 -0.06964406264547912 -1000.0 
0.06105894022006424 0.06370067448785408 0.06351264617057079 0.06586330661079894 0.06365056995283991 -0.08938909302705494 -0.042619142664769925 -1000.0 
0.06900836570153904 0.07138693005134643 0.061425732828828655 0.07321862096227275 0.07448889068559329 -0.061866299146801855 -0.05314038334388717 -1000.0 
0.0675266997796371 0.0636245674276355 0.06625344052102716 0.06378632039690967 0.07264168652777676 -0.08176129118649862 -0.0871066450225558 -1000.0 
-1.0 -1.0 -1.0 -1.0 -1.0 -1.0 -1.0 -1.0 
-1000.0 0.06941466937769708 -1000.0 0.10000000000000006 -1000.0 0.06351091624664974 0.08100000000000007 0.06263759617874703 
-1000.0 0.10000000000000006 -1000.0 0.06894007364753374 -1000.0 0.06351759993772667 0.07353735944533815 0.06708914594777358 
-1000.0 0.06713441973610353 -1000.0 0.06754188656207993 -1000.0 -0.09519249131477436 0.07270346084834445 -0.08647238367490734 
-1000.0 0.069049798756845 -1000.0 0.07324603655566538 -1000.0 0.06115648958290422 0.06673358662781462 0.0655142952244126 
0.07011719333214736 -1000.0 0.09999999999999995 -1000.0 -1000.0 0.058412936293376266 0.08100000000000009 0.05944923586741816 
0.0703909761271882 0.06810812332404106 0.06374905543411832 0.06533171770608871 -1000.0 0.062107979883672615 0.07007803699748039 0.06176034307236302 
0.0685001044361378 0.060339349229043854 0.06832772392112245 0.0764070475147097 -1000.0 0.08030208831907973 0.06924002432100135 0.07949840777134355 
0.06919299218160987 0.06980359962951939 0.07330573506684268 0.07735198898833182 -1000.0 -0.04828820401297756 0.06724811842810258 -0.08340457765766668 
0.06444126515992682 0.07830596930428799 0.06784762173942817 0.0741472039117856 -1000.0 0.07187040036028727 0.09019186476357807 0.06344081598534437 
0.09999999999999995 -1000.0 0.064544456839173 -1000.0 -1000.0 0.06531866915655554 0.0739655684126399 0.06715049424973005 
0.06348864852362343 0.07839886367145375 0.07686623506607718 0.07018277387758394 -1000.0 0.06716260229415742 0.06299848776946279 0.07870996447473633 
0.07238239566724622 0.07099356890296588 0.07785079498923726 0.06857851759875226 -1000.0 0.06476090554503613 0.07427684427769461 0.06534978596334133 
0.07341263089445171 0.06917029045320863 0.07242495305217303 0.06881940146958235 -1000.0 0.06571098061348868 0.06338635351904767 -0.08436723603327609 
0.06879731569290257 0.06552076281563735 0.0682672914620569 0.06430748290436485 -1000.0 0.059935171209518925 0.057705806248291434 0.061928573929466525 
0.06182530095280768 -1000.0 0.07047165228598455 -1000.0 -1000.0 -0.0724691070225647 0.07264879168660297 -0.07851308015426331 
0.07207458768034342 0.08249146631773155 0.0665670946102865 0.0888965612721341 -1000.0 -0.03795076574630588 0.07401477626637834 -0.08662543340254958 
0.07893592493702285 0.08935865953762545 0.06711200230868265 0.06832736058412661 -1000.0 -0.02531321279459364 0.07437567867538232 -0.0823787033036811 
0.07153677012625907 0.06787529440602397 0.06744723889583015 0.07244258286975704 -1000.0 -0.07744554627546826 0.06600835888127948 -0.09760761986547412 
0.07578235755156618 0.07386032412951322 0.07972155428243151 0.08511536633294968 -1000.0 -0.05558580043444682 0.06116629917936412 -0.05986697440697502 
0.06682792805876808 -1000.0 0.0831245248902014 -1000.0 -1000.0 0.06298425310624367 0.06804002515615598 0.06176002576043509 
0.06874387183647201 0.06443776137544291 0.06668795083590545 0.06899564163935173 -1000.0 0.059775054111231074 0.06436122475802147 0.06133407376222114 
0.06698991538272735 0.06858672359776226 0.07241367145801067 0.07050867579204681 -1000.0 0.06400227424097685 0.05718475303172869 0.06978473725617138 
0.06623167241887665 0.06964785350335848 0.08778799532638958 0.07190675190748572 -1000.0 -0.06092081993945493 0.06646947174117154 -0.011096202483378685 
-0.46988226966046953 -0.9598002322145104 0.3287570147841237 -1.1364007896964585 -1000.0 0.30521057142488056 -1.2638126098372464 -0.1613396421492323 
-1.0 -1.0 -1.0 -1.0 -1.0 -1.0 -1.0 -1.0 
-1000.0 0.10000000000000006 -1000.0 -1000.0 0.0796785469142007 0.0722025177121065 0.07117596169940475 -1000.0 
-1000.0 -0.10000000000000006 -1000.0 -1000.0 0.0725110685970509 0.07623980756228489 0.06907582404861137 -1000.0 
-1000.0 0.07764282861573778 -1000.0 -1000.0 0.06945233199976439 0.07272458932069714 0.06686476920587597 -1000.0 
-1000.0 0.0696446751372784 -1000.0 -1000.0 0.06043487267448181 0.06452173016527435 0.059406268813511146 -1000.0 
0.10000000000000006 -1000.0 -1000.0 -1000.0 0.07798369902894677 0.07116319028049821 0.07072231207447087 -1000.0 
-0.10000000000000006 -0.09999999999999995 -1000.0 -1000.0 0.0679329503807446 0.0667015513714114 0.08955322856689135 -1000.0 
0.07173365592420175 -0.04970532584844976 -1000.0 -1000.0 0.07600548524943754 0.07522973432043362 0.08003188912777952 -1000.0 
0.06822821332148071 -0.07129662933449712 -1000.0 -1000.0 0.0688296711867716 0.06206511226160326 0.0741312768020103 -1000.0 
0.06687186748192914 -0.05648767696584505 -1000.0 -1000.0 0.06625912995981928 0.07076052240693088 0.07335216394437527 -1000.0 
-0.09999999999999995 -1000.0 -1000.0 -1000.0 0.06997374865154961 0.07687365482324536 0.06174255726072449 -1000.0 
-0.09815971578463575 0.07975255226326555 -1000.0 -1000.0 0.05824390836632559 0.06640368323828695 0.07512362796796468 -1000.0 
-0.09262564198012 -0.09849944213843337 -1000.0 -1000.0 0.07467737518830528 0.07390539877447908 0.06182299016861377 -1000.0 
-0.04790710512977642 0.06301026953295753 -1000.0 -1000.0 0.06968909423194167 0.06745040357989172 0.07341163305634854 -1000.0 
-0.08241554549707417 0.06142468516403267 -1000.0 -1000.0 0.06310711679784571 0.06448527662090814 0.05809495114917969 -1000.0 
0.07434768589687762 -1000.0 -1000.0 -1000.0 0.06853951245475226 0.0636955411971962 0.06563760891101628 -1000.0 
-0.040671420528589075 0.07212188711719558 -1000.0 -1000.0 0.06780601344245518 0.06466625303578721 0.06544944356461938 -1000.0 
0.06447405940805642 -0.03468557227754984 -1000.0 -1000.0 0.08381234172027324 0.0675645179928763 0.060140119644491286 -1000.0 
0.061273893921015385 0.05372542599479563 -1000.0 -1000.0 0.06443064175089941 0.06111481651659263 0.06261524349704264 -1000.0 
0.06353566768492583 0.06351450427473926 -1000.0 -1000.0 0.07330322368310666 0.058514789864938924 0.07013397103175502 -1000.0 
0.0726911426947759 -1000.0 -1000.0 -1000.0 0.06446081793391031 0.06436308200359582 0.058732891398105114 -1000.0 
-0.05405768057305879 0.05939220297302354 -1000.0 -1000.0 0.07388464748529056 0.06677965436557666 0.06905905396170844 -1000.0 
0.061703070355726315 0.04148053271508217 -1000.0 -1000.0 0.06291754616431633 0.06533762291876023 0.062211319666511375 -1000.0 
0.060484078316594865 0.0638792508004703 -1000.0 -1000.0 0.0598121566289376 0.05958913619239985 0.06033878936581059 -1000.0 
0.0658785775756803 0.07360049615153264 -1000.0 -1000.0 0.06662694866710848 0.07100513443775765 0.061603401833641394 -1000.0 
-1.0 -1.0 -1.0 -1.0 -1.0 -1.0 -1.0 -1.0 
-1000.0 0.10000000000000006 -1000.0 0.0820447514378134 0.06843740048332242 0.08327621657315841 -1000.0 -0.09999999999999995 
-1000.0 0.06109588874781614 -1000.0 0.07510189521778923 0.06940488835557986 0.0664723031506563 -1000.0 -0.09999999999999995 
-1000.0 0.08289656124920346 -1000.0 0.06816683447904982 0.07923132488825495 0.07933909314667749 -1000.0 -0.09999999999999995 
-1000.0 0.07774999624660466 -1000.0 0.09999999999999995 0.06630737310146069 0.0742525185494502 -1000.0 -0.09999999999999995 
0.10000000000000006 -1000.0 0.08340058011774573 -1000.0 0.06904712016784065 0.08927976339651827 -1000.0 -0.10000000000000006 
0.058151978109062086 0.05633486016994673 0.06576715747732306 0.07388525832380775 0.06803859735202074 0.07054185127697973 -1000.0 -0.10000000000000006 
0.08831718272239268 0.06758998481185022 0.07133453196705283 0.0707831522867604 0.07266667728294533 0.06520952788373868 -1000.0 -0.09999999999999995 
0.07277037598185276 0.07298557935039549 0.06465090424704868 0.0712126949675335 0.07345623317776978 0.07290390472884757 -1000.0 -0.10000000000000006 
0.06281358165239795 0.06636362320605933 0.06427232132579086 0.06286402816723499 0.07732573982139891 0.07104109969697076 -1000.0 -0.09999999999999995 
0.05808774181503651 -1000.0 0.07472465183497162 -1000.0 0.07104474022196447 0.06777060055581963 -1000.0 -0.09999999999999995 
0.0677702301636385 0.0817854881227704 0.06057925170718954 0.06943958981639685 0.06940245653656779 0.07497891906900044 -1000.0 -0.10000000000000006 
0.07301481927525895 0.06807289597455572 0.06884004661438538 0.06502462807287814 0.062255131358118235 0.0704701507303808 -1000.0 -0.09999999999999995 
0.0658867211297138 0.06911207042388882 0.06007891670498878 0.061045732425174276 0.062369351034870665 0.0646308223976256 -1000.0 -0.10000000000000006 
0.0771544089456725 0.06523839705360826 0.068818405913047 0.08559468267318021 0.06563708671485412 0.07136816819734261 -1000.0 -0.09999999999998693 
0.08867263946253869 -1000.0 0.08079051344567757 -1000.0 0.07638940107072344 0.07656634184844294 -1000.0 -0.10000000000000006 
0.06634685676134243 0.07537718437193994 0.06284090011135063 0.07018580030184589 0.06420128686645178 0.07298905041514776 -1000.0 -0.09999999999999995 
0.07536114308294066 0.06364155787351618 0.06308158622173018 0.06157319564985068 0.06508940879214478 0.06514229764031754 -1000.0 -0.09999999999999995 
0.06588989876714944 0.07066320582773844 0.06654397137912509 0.0668532247210849 0.07205389362635993 0.054017109551078725 -1000.0 -0.09999999999999995 
0.06384398776170305 0.06321038714777592 0.0665916929904317 0.07875956545899689 0.06610628217029857 0.06524806635312877 -1000.0 -0.09999999999999995 
0.07468265006665427 -1000.0 0.09999999999999995 -1000.0 0.06834629822445618 0.0742306780556353 -1000.0 -0.10000000000000006 
0.058530612466433186 0.0850380144736971 0.0625219467226412 0.07478834712686691 0.07248779767466304 0.0733710627556575 -1000.0 -0.09999999999999995 
0.06803752906248325 0.06656582846706224 0.08320720429774218 0.06743350093244359 0.07310309193557209 0.07132091194215934 -1000.0 -0.10000000000000006 
0.05792376189438684 0.06355910193953401 0.07558920359521087 0.06840332855951076 0.05983767077926216 0.062238015658584674 -1000.0 -0.09999999999999995 
-0.011059390523549626 0.06880443439654986 -0.005929042188006734 -0.007020413482747182 -0.09154268481808417 0.0662592179718244 -1000.0 -0.058406174523877405 
-1.0 -1.0 -1.0 -1.0 -1.0 -1.0 -1.0 -1.0 
-1000.0 0.09999999999999995 -1000.0 0.0702024030376438 0.09000000000000012 -1000.0 0.0729000000000001 0.0729000000000001 
-1000.0 0.07848954950069639 -1000.0 0.06606574432344427 0.08697548701146397 -1000.0 0.06503671071903772 0.06484554187454905 
-1000.0 0.057925594427113446 -1000.0 0.09999999999999995 0.08029113301232668 -1000.0 0.07499341283547208 0.07187583818183269 
-1000.0 0.07041467771033655 -1000.0 0.07585964687766353 0.06553357274938909 -1000.0 -0.0731196784128087 -0.06043723816357036 
0.10000000000000006 -1000.0 0.06717510472057021 -1000.0 0.09000000000000001 -1000.0 0.0729000000000001 0.0729000000000001 
0.07336479250284288 0.07335763892144165 0.0636497526464874 0.0639530344422467 0.06389356667929945 -1000.0 0.06087174136441063 0.06284104138321842 
0.06348862029282214 0.06343316566348689 0.07364518792120958 0.07285221475657114 0.08099972530749165 -1000.0 0.07545084080443626 0.06563546288665223 
0.06741386973925291 0.06531757541661104 0.06476246915590315 0.07301753067708654 0.06572009837133397 -1000.0 0.07164561098853962 0.08385250799561865 
0.06601387677729925 0.06234719307176864 0.06809317687167434 0.0643434590483061 0.09559691747739532 -1000.0 0.07406538827639562 0.05926921964380176 
0.07773195016582127 -1000.0 0.0661027150289514 -1000.0 0.0840796512533527 -1000.0 0.0679847888593259 0.06424817016533588 
0.06326465665504126 0.07008623864804331 0.07052505917019622 0.06380537459123328 0.07314063483729358 -1000.0 0.009065259642584322 -0.02514415699641768 
0.06618781605976069 0.06426616724612494 0.06447858944762522 0.07275092303016034 0.05974919253352615 -1000.0 0.0561199158952459 0.06146113444667023 
0.06381557476080454 0.06263257034100596 0.07296456619109684 0.06777611725976727 0.06308461806251459 -1000.0 0.0633507914733832 0.06414953042369412 
0.07194823837113129 0.06584461615014592 0.06783617624398125 0.0676838228564874 0.06856367304262855 -1000.0 -0.09020517494700983 -0.05974072910936499 
0.06649157884415623 -1000.0 0.10000000000000006 -1000.0 0.06876536755934964 -1000.0 0.06727647180204557 0.06791746989615707 
0.06339540408269553 0.07277798755812012 0.07295166917917277 0.060327569431435316 0.07519533880169933 -1000.0 0.06420690333014696 0.06277711182991878 
0.06331022011486222 0.0630339554382893 0.061762382092653625 0.06797881277331273 0.05493530908787895 -1000.0 0.05901002669857767 0.05751578261750296 
0.06651743326011121 0.06748051488910663 0.06805972125333312 0.06711389578250448 0.06662377272620632 -1000.0 0.05820278052018094 0.05853832469381448 
0.07082917243347997 0.06106913392949162 0.06690650199431852 0.06346720842239609 0.06698247021695021 -1000.0 -0.07640077779520915 -0.05209693034080529 
0.06711248134721351 -1000.0 0.07409316956972009 -1000.0 0.06862877519948463 -1000.0 -0.050402660367099505 -0.08876579207121613 
0.06379361629760293 0.06965772842401402 0.06350467189477019 0.06991207850742552 0.07092640059552521 -1000.0 -0.08795575413208151 -0.0303898857342189 
0.06801534091526829 0.06532236050731927 0.06390268100194314 0.06865389645820359 0.06419166353508693 -1000.0 -0.0866539044068035 -0.07852085872698772 
0.06175338664487107 0.06512432597084156 0.061519592462819905 0.06751162715676429 0.06488665331362806 -1000.0 -0.06879360938098993 -0.0014252617902861253 
-0.03199323839924004 0.07723658691885316 -0.13829183432521083 -0.019635308567454598 0.07560349321681775 -1000.0 -0.03824723093433918 0.003265511160491813 
-1.0 -1.0 -1.0 -1.0 -1.0 -1.0 -1.0 -1.0 
-1000.0 0.10000000000000006 -1000.0 0.07028359909285614 -1000.0 0.06264303423926232 0.08100000000000007 0.06305944922196394 
-1000.0 0.07350703889646124 -1000.0 0.10000000000000006 -1000.0 0.06676363669712317 0.06986526146320843 0.06541342110654882 
-1000.0 0.07212551278044896 -1000.0 0.06429146196763187 -1000.0 -0.04750039078291161 0.07367778317820786 -0.0800966846458504 
-1000.0 0.07664455185849298 -1000.0 0.0698103447027527 -1000.0 0.063182992211806 0.06798834019234912 0.061056430337795425 
0.10000000000000006 -1000.0 0.06905468913542807 -1000.0 -1000.0 0.0593324411356265 0.08100000000000009 0.05885230180422646 
0.06366825340995974 0.0591416626552317 0.06717056953369442 0.07231128688497843 -1000.0 0.06433799327115197 0.06945112570490578 0.06273654785598105 
0.06849679538154618 0.06616666507936537 0.0782888048798073 0.06534356870317484 -1000.0 0.07870055873399817 0.06972585365655266 0.07730842298841718 
0.07350972194589553 0.07393158489272719 0.07248763958251177 0.06663569692138253 -1000.0 -0.08155753935700122 0.06775138899570085 -0.02585313010641093 
0.0704973320897147 0.07157114563949787 0.06520401267551257 0.07607189879739193 -1000.0 0.06174149244632374 0.094665372801636 0.06603920971788241 
0.061317072113909396 -1000.0 0.09999999999999995 -1000.0 -1000.0 0.06653388874998699 0.06381696470993611 0.06387328655444949 
0.06578191421672155 0.0720265194939505 0.06492788042557594 0.06288036948799379 -1000.0 0.08024796056440672 0.062378907601534056 0.06967392126131773 
0.0769322454886604 0.0692522684715678 0.07310801550930113 0.0695509524977966 -1000.0 0.06681163043096888 0.06667610041668937 0.06632682254275883 
0.07275949612336519 0.06533358869387522 0.07573821763829518 0.06683030969756869 -1000.0 -0.07500384379708225 0.06746104508579484 0.06941473258321787 
0.07391410722615288 0.06839630843194788 0.0700310912242578 0.06601946378547541 -1000.0 0.0625893323733811 0.058102349698288924 0.05941347804670462 
0.0679882008311865 -1000.0 0.06350317420320746 -1000.0 -1000.0 -0.07291391914362118 0.07411689688911147 -0.0496629904506592 
0.06783950014817927 0.08052545687619832 0.06857426118962304 0.07201727845062242 -1000.0 -0.06482885480358003 0.06974527454841845 -0.09540844307830632 
0.06656529461003688 0.07111628561058138 0.07799138474019024 0.07409860489879397 -1000.0 -0.07609125858141115 0.07265779010439449 -0.08524352090888651 
0.06587043894561707 0.0718240604475115 0.06989857104714922 0.06803570708561804 -1000.0 -0.06445836988784043 0.06856278448838983 -0.08124566900266961 
0.06168027598825387 0.06313842429442368 0.07044560724520826 0.07320013309140773 -1000.0 -0.03264304460689271 0.060048397985905326 -0.08282386098489941 
0.07313140025450124 -1000.0 0.07071144428846364 -1000.0 -1000.0 0.0629742331094734 0.06536754410376883 0.06167626495825408 
0.06958206319841653 0.06915858426219235 0.06719262149726309 0.06766801449361377 -1000.0 0.06405373451086473 0.06452687234526422 0.06256209270820959 
0.06958765824149818 0.06659313184785973 0.06643357379267986 0.07147993367643905 -1000.0 0.06848330153455945 0.05648352623288205 0.06082239638923007 
0.06533034367752016 0.0784627051323705 0.06705539166712819 0.07146282195485339 -1000.0 -0.08435860932312547 0.06610919032302791 -0.013979682933020572 
0.5050302749244097 0.3126800409701435 -0.8245923858907281 0.43174298867133837 -1000.0 0.12094169019398364 -1.7520883816617268 -1.2212752404476492 
-1.0 -1.0 -1.0 -1.0 -1.0 -1.0 -1.0 -1.0 
-1000.0 0.09999999999999995 -1000.0 0.10000000000000006 0.08999999999999998 0.07005043161757092 0.06516780827476025 0.09000000000000012 
-1000.0 0.09 -1000.0 0.08999999999999998 -0.09913987563222379 0.0688124718047277 0.0709078700347913 -0.07009427464531284 
-1000.0 0.06939709323213662 -1000.0 0.06713984349571733 -0.026940471880828668 0.003965989648868348 -0.03557108355922183 -0.017210687948218506 
-1000.0 -0.05671432538073501 -1000.0 0.07551051062079987 -0.023522808761841166 0.07052135583493313 0.056055878459161324 0.07012234690012445 
0.10000000000000006 -1000.0 0.10000000000000006 -1000.0 0.08999999999999998 0.06452541598191879 0.06496702435223939 0.09000000000000012 
0.08999999999999998 0.08999999999999998 0.08999999999999998 0.08999999999999998 0.08064647588370252 0.06226848476364987 0.06855383481483948 0.07566515627155415 
0.07163367274173894 0.07855265624375465 0.06940379515244463 0.07537891271715949 -0.07264359891137973 0.06915349285121719 0.07615894194859524 -0.03396382630089636 
0.07230323482098465 0.06975579608249571 0.07086455308344558 0.07079470030290298 0.060112076759390634 0.08548085548540303 0.07081789775419221 0.058234333286694334 
0.06710250901959766 0.06464546012239666 0.06681215952949802 0.06714036118097942 0.0542805857550448 0.07063504561267155 0.07169743474683583 0.06829569250579376 
0.08999999999999998 -1000.0 0.08999999999999998 -1000.0 -0.09940484748148135 0.07523693379740404 0.07225754707398199 -0.08093157296906152 
0.07774084978670048 0.07225815270343094 0.0751568684547895 0.07238452646803095 -0.09178983617514538 0.07337388116753182 0.07029377351818082 -0.08800250471967036 
0.07111993916359541 0.06758780478782139 0.069520068036817 0.06692242070889794 -0.08847411693753685 0.06521549483442034 0.0682210869358165 -0.08497958435687325 
0.06686827059247868 0.06432242649528704 0.06478634539087752 0.06481996350063782 -0.02511829109791177 0.06485209923721248 0.06290410064142299 -0.09109160980598718 
0.07333370605581287 0.06649318915544745 0.07565920521860857 0.0673013543967572 -0.07628023773621914 0.060662433918341724 0.06229175237516897 0.0652105615373284 
0.06978594421915395 -1000.0 0.07276614021702146 -1000.0 0.04912277743379638 -0.01953731518936913 -0.05101417047601173 -0.01809496864476587 
0.06890654744834898 0.0695036007258358 0.0662638947781564 0.06962810248741619 0.058041575498443576 0.05569608419436258 0.05628574587956371 0.06051618297031038 
0.0640243075100456 0.06424449386100783 0.06602056720278772 0.06415541756295166 0.040326709682395816 0.05311115289922723 0.055389031117811405 0.05288489753417903 
0.06568620476946226 0.06465021756781963 0.0659564014386072 0.06568406129409882 0.047989396230946724 -0.02956604431424943 -0.02062704601948683 0.03628033288322542 
0.07992185877127633 0.06615332967006403 0.07560430639244997 0.0640169249420286 0.07858954458046331 0.06224640622365487 0.06234280993092697 0.07113679057648119 
0.06990941937912003 -1000.0 0.07427228977808145 -1000.0 0.0650509573239203 0.06042468297725268 0.0667246979324693 0.060967149920355714 
0.06580808924938311 0.0672655828981629 0.06376068229579078 0.06857062895655221 0.05659659402302476 0.06641072299466388 0.06503307978283035 0.06183149367932914 
0.06733987057239398 0.0936881547371563 0.06706079108451862 0.07878418489824675 -0.08124600537581839 0.05766487660398886 0.06802444358103782 -0.08268565728980554 
0.0679805226876266 0.07359113242127541 0.07013855175216242 0.07393318232415244 0.06244621200833042 0.05866104563011617 0.05978138919810918 0.060575680645030126 
0.9764941512063056 0.31887547154044105 1.499644567944073 -0.7658888151745598 -0.791315284322808 0.8148705376686428 0.25878770544365787 -1.9598421668115502 
alpha
0.2
gamma
0.9
epsilon
0.3678794227774987
END