1.0 1.0 1.0 1.0 1.0 1.0 1.0 1.0 
1.0 1.0 1.0 1.0 1.0 1.0 1.0 1.0 
1.0 1.0 1.0 1.0 1.0 1.0 1.0 1.0 
1.0 1.0 1.0 1.0 1.0 1.0 1.0 1.0 
1.0 1.0 1.0 1.0 1.0 1.0 1.0 1.0 
1.0 1.0 1.0 1.0 1.0 1.0 1.0 1.0 
1.0 1.0 1.0 1.0 1.0 1.0 1.0 1.0 
1.0 1.0 1.0 1.0 1.0 1.0 1.0 1.0 
1.0 1.0 1.0 1.0 1.0 1.0 1.0 1.0 
1.0 1.0 1.0 1.0 1.0 1.0 1.0 1.0 
1.0 1.0 1.0 1.0 1.0 1.0 1.0 1.0 
1.0 1.0 1.0 1.0 1.0 1.0 1.0 1.0 
1.0 1.0 1.0 1.0 1.0 1.0 1.0 1.0 
1.0 1.0 1.0 1.0 1.0 1.0 1.0 1.0 
1.0 1.0 1.0 1.0 1.0 1.0 1.0 1.0 
1.0 1.0 1.0 1.0 1.0 1.0 1.0 1.0 
1.0 1.0 1.0 1.0 1.0 1.0 1.0 1.0 
1.0 1.0 1.0 1.0 1.0 1.0 1.0 1.0 
1.0 1.0 1.0 1.0 1.0 1.0 1.0 1.0 
1.0 1.0 1.0 1.0 1.0 1.0 1.0 1.0 
1.0 1.0 1.0 1.0 1.0 1.0 1.0 1.0 
1.0 1.0 1.0 1.0 1.0 1.0 1.0 1.0 
1.0 1.0 1.0 1.0 1.0 1.0 1.0 1.0 
1.0 1.0 1.0 1.0 1.0 1.0 1.0 1.0 
1.0 1.0 1.0 1.0 1.0 1.0 1.0 1.0 
-1.0 -1.0 -1.0 -1.0 -1.0 -1.0 -1.0 -1.0 
-1000.0 -1000.0 -1000.0 -0.032159330192520055 -1000.0 -1000.0 -1000.0 -1000.0 
-1000.0 -1000.0 -1000.0 0.04818361916688252 -1000.0 -1000.0 -1000.0 -1000.0 
-1000.0 -1000.0 -1000.0 -0.09674769992808041 -1000.0 -1000.0 -1000.0 -1000.0 
-1000.0 -1000.0 -1000.0 0.10000000000000006 -1000.0 -1000.0 -1000.0 -1000.0 
-1000.0 -1000.0 -0.015049634773205037 -1000.0 -1000.0 -1000.0 -1000.0 -1000.0 
-1000.0 -1000.0 -0.07084052195521162 -0.03185449049476228 -1000.0 -1000.0 -1000.0 -1000.0 
-1000.0 -1000.0 0.05783315921883023 0.04613718229097053 -1000.0 -1000.0 -1000.0 -1000.0 
-1000.0 -1000.0 0.015803916267029622 -0.09760806864709734 -1000.0 -1000.0 -1000.0 -1000.0 
-1000.0 -1000.0 -0.08573911164038486 0.0729000000000001 -1000.0 -1000.0 -1000.0 -1000.0 
-1000.0 -1000.0 0.04965646496711563 -1000.0 -1000.0 -1000.0 -1000.0 -1000.0 
-1000.0 -1000.0 0.0479921073842931 0.05923066080568744 -1000.0 -1000.0 -1000.0 -1000.0 
-1000.0 -1000.0 0.04988172508590913 0.039538117908900355 -1000.0 -1000.0 -1000.0 -1000.0 
-1000.0 -1000.0 -0.020416490635857255 -0.07873778409473975 -1000.0 -1000.0 -1000.0 -1000.0 
-1000.0 -1000.0 -0.07293416808746306 -0.021143359953631893 -1000.0 -1000.0 -1000.0 -1000.0 
-1000.0 -1000.0 -0.020650358415204455 -1000.0 -1000.0 -1000.0 -1000.0 -1000.0 
-1000.0 -1000.0 -0.07599646761203795 0.049294920115795546 -1000.0 -1000.0 -1000.0 -1000.0 
-1000.0 -1000.0 -0.06782553922593262 -0.0044901245985000775 -1000.0 -1000.0 -1000.0 -1000.0 
-1000.0 -1000.0 -0.08210074555538739 -0.08867450644266325 -1000.0 -1000.0 -1000.0 -1000.0 
-1000.0 -1000.0 -0.09311315420179991 0.04740454775903857 -1000.0 -1000.0 -1000.0 -1000.0 
-1000.0 -1000.0 0.09999999999999995 -1000.0 -1000.0 -1000.0 -1000.0 -1000.0 
-1000.0 -1000.0 0.0729000000000001 -0.095334606037724 -1000.0 -1000.0 -1000.0 -1000.0 
-1000.0 -1000.0 -0.032947474668832535 -0.03863055146051392 -1000.0 -1000.0 -1000.0 -1000.0 
-1000.0 -1000.0 0.0503559300281238 -0.09722124667081619 -1000.0 -1000.0 -1000.0 -1000.0 
-1000.0 -1000.0 -0.057288777589209305 -0.08937779515168129 -1000.0 -1000.0 -1000.0 -1000.0 
-1.0 -1.0 -1.0 -1.0 -1.0 -1.0 -1.0 -1.0 
-1000.0 -1000.0 -1000.0 -0.06283773648064922 0.08100000000000007 -1000.0 -1000.0 -1000.0 
-1000.0 -1000.0 -1000.0 0.05444259647415296 0.05761818930382181 -1000.0 -1000.0 -1000.0 
-1000.0 -1000.0 -1000.0 0.09999999999999995 0.05068224704008982 -1000.0 -1000.0 -1000.0 
-1000.0 -1000.0 -1000.0 0.049710045135776405 0.057308808568153215 -1000.0 -1000.0 -1000.0 
-1000.0 -1000.0 -0.06257325086703305 -1000.0 0.08100000000000007 -1000.0 -1000.0 -1000.0 
-1000.0 -1000.0 -0.08785672745929526 -0.0903021426180565 0.05338328735005662 -1000.0 -1000.0 -1000.0 
-1000.0 -1000.0 -0.04505956136305618 0.053209854311799344 0.05798516401152646 -1000.0 -1000.0 -1000.0 
-1000.0 -1000.0 -0.08947440462158879 0.04909458766123863 0.06534871079884486 -1000.0 -1000.0 -1000.0 
-1000.0 -1000.0 -0.08088296820606128 0.04617987267400181 0.059952430525055805 -1000.0 -1000.0 -1000.0 
-1000.0 -1000.0 0.05189755873548847 -1000.0 0.052938516001375654 -1000.0 -1000.0 -1000.0 
-1000.0 -1000.0 0.0497000278797912 -0.017583743334814866 0.053957963849867834 -1000.0 -1000.0 -1000.0 
-1000.0 -1000.0 0.04341318164813272 0.044172141099558686 0.05028069313517458 -1000.0 -1000.0 -1000.0 
-1000.0 -1000.0 -0.09997344271747047 0.051917738053416346 0.049690339398463707 -1000.0 -1000.0 -1000.0 
-1000.0 -1000.0 -0.054529693579853725 0.05366898395905255 0.0015055463249373287 -1000.0 -1000.0 -1000.0 
-1000.0 -1000.0 0.10000000000000006 -1000.0 0.061554682186599145 -1000.0 -1000.0 -1000.0 
-1000.0 -1000.0 0.049733315848018454 -0.09085524513075183 0.0512135938499224 -1000.0 -1000.0 -1000.0 
-1000.0 -1000.0 0.04923908863061495 -0.03660763675979412 0.053249722760111695 -1000.0 -1000.0 -1000.0 
-1000.0 -1000.0 -0.05897595964996778 -0.06180384542772556 0.052707056303625675 -1000.0 -1000.0 -1000.0 
-1000.0 -1000.0 0.049967021450612686 -0.04924896903278458 0.04718532910446413 -1000.0 -1000.0 -1000.0 
-1000.0 -1000.0 0.049627222636579954 -1000.0 0.059272538383056676 -1000.0 -1000.0 -1000.0 
-1000.0 -1000.0 0.04629449212161631 -0.08838170151326202 0.05925244512681704 -1000.0 -1000.0 -1000.0 
-1000.0 -1000.0 0.06503409432216226 0.011395400644718733 0.00842089799053001 -1000.0 -1000.0 -1000.0 
-1000.0 -1000.0 -0.07886697944934931 0.04999475126525578 0.047152709383066226 -1000.0 -1000.0 -1000.0 
-1000.0 -1000.0 0.051698746518296715 0.05102783633001162 -0.02949924645246333 -1000.0 -1000.0 -1000.0 
-1.0 -1.0 -1.0 -1.0 -1.0 -1.0 -1.0 -1.0 
-1000.0 -1000.0 -1000.0 0.053276669117478206 0.05427498593347323 0.054783667104216324 -1000.0 -1000.0 
-1000.0 -1000.0 -1000.0 0.09999999999999995 0.053999289551855977 0.08371286901460208 -1000.0 -1000.0 
-1000.0 -1000.0 -1000.0 0.09000000000000012 -0.04782599069814859 -0.06536899479816782 -1000.0 -1000.0 
-1000.0 -1000.0 -1000.0 -0.046434808105784126 0.050659510085429446 0.049776763500177484 -1000.0 -1000.0 
-1000.0 -1000.0 0.0530372291214266 -1000.0 0.05361846319414214 0.05464124339552784 -1000.0 -1000.0 
-1000.0 -1000.0 0.04458317276298993 0.047662071096245845 0.04799317187890695 0.05164994580891026 -1000.0 -1000.0 
-1000.0 -1000.0 -0.059900177291587045 0.08999999999999998 0.05687095626284576 0.05358316947211577 -1000.0 -1000.0 
-1000.0 -1000.0 0.04660702451533841 0.054566307862915525 0.045660437823564395 0.02868417857636646 -1000.0 -1000.0 
-1000.0 -1000.0 0.05534775961056303 -0.07440262869172382 0.05720682801928067 0.05110046310881694 -1000.0 -1000.0 
-1000.0 -1000.0 0.09999999999999995 -1000.0 0.05327033706018086 0.05110492968844687 -1000.0 -1000.0 
-1000.0 -1000.0 0.09000000000000012 -0.04594974713174566 0.05196708077059912 0.05406147141591137 -1000.0 -1000.0 
-1000.0 -1000.0 -0.07457857134114737 -0.07525782824878893 0.050530295479236945 0.055410164120994865 -1000.0 -1000.0 
-1000.0 -1000.0 -0.021370133138999273 -0.06425492567902502 5.713655023326571E-4 -0.00237790588002058 -1000.0 -1000.0 
-1000.0 -1000.0 0.05166994556152769 -0.07852568814092628 0.05131974263873703 0.04546301250114479 -1000.0 -1000.0 
-1000.0 -1000.0 0.08999999999999998 -1000.0 0.01763392875932569 -0.0558673499487763 -1000.0 -1000.0 
-1000.0 -1000.0 0.05083550708739743 0.05212787849199587 0.05961994098734209 0.05040508283717649 -1000.0 -1000.0 
-1000.0 -1000.0 -0.09840060809202991 -0.055188220437281665 0.04799170235274569 0.05131463376126797 -1000.0 -1000.0 
-1000.0 -1000.0 0.03163051027817993 0.05192021649347013 -0.021906216539399094 -0.03685348832462358 -1000.0 -1000.0 
-1000.0 -1000.0 0.042081233344940794 -0.04739210076623722 0.04922701291705996 0.04780698876911183 -1000.0 -1000.0 
-1000.0 -1000.0 -0.07053147821958664 -1000.0 0.050537608610044395 0.05390840383517662 -1000.0 -1000.0 
-1000.0 -1000.0 -0.08381062386808202 0.05688353522852089 0.05096859343669523 0.06212113355869838 -1000.0 -1000.0 
-1000.0 -1000.0 -0.09001341760758291 0.05314500402166097 0.04936883257079964 0.04487371885500219 -1000.0 -1000.0 
-1000.0 -1000.0 -0.06731091965986918 0.04625321523334364 0.04864484035042646 0.048342507383798555 -1000.0 -1000.0 
-1000.0 -1000.0 -0.05644821160563114 -0.07156797468528794 0.053633248453678284 0.05546040068520835 -1000.0 -1000.0 
-1.0 -1.0 -1.0 -1.0 -1.0 -1.0 -1.0 -1.0 
-1000.0 -1000.0 -1000.0 0.10000000000000006 0.07197677693557847 0.060027796948497414 0.07011710461639882 -1000.0 
-1000.0 -1000.0 -1000.0 -0.09999999999999995 0.05399929500672081 0.05866692824005749 0.057944830939918965 -1000.0 
-1000.0 -1000.0 -1000.0 0.048175249775414486 0.05724882948494557 0.05492048080386905 0.050634919225181194 -1000.0 
-1000.0 -1000.0 -1000.0 0.05174478049827505 0.051999868391408736 0.0553305632337529 0.054351635165123695 -1000.0 
-1000.0 -1000.0 0.09999999999999995 -1000.0 0.07089122109882609 0.06121784028327135 0.06237028199696477 -1000.0 
-1000.0 -1000.0 -0.09999999999999995 -0.09999999999999995 0.05303110293491955 0.04997081942116937 0.052034752727981 -1000.0 
-1000.0 -1000.0 0.04988367868615799 -0.06801879104826498 0.05837376618494884 0.06420664058009093 0.05058193090558204 -1000.0 
-1000.0 -1000.0 0.05580066776486985 -0.09349415660823454 0.05801016274544973 0.056149063897666454 0.05690084210051975 -1000.0 
-1000.0 -1000.0 0.04735748245636596 -0.06963045922134437 0.05218912466804707 0.05529265980687116 0.05311228877344838 -1000.0 
-1000.0 -1000.0 -0.10000000000000006 -1000.0 0.055165014973282564 0.06674222340415656 0.055304742234290556 -1000.0 
-1000.0 -1000.0 -0.07852438888121294 0.051424932804803376 0.05274921071889019 0.05262017837517963 0.05100494805472454 -1000.0 
-1000.0 -1000.0 -0.08003392658161332 -0.09867720530280355 0.06027614463332709 0.053363946150985185 0.054412535361027484 -1000.0 
-1000.0 -1000.0 -0.08333747328240423 0.04708251506575903 0.011345898044591454 0.049391185256338135 0.025066906971396595 -1000.0 
-1000.0 -1000.0 -0.06039406523460799 0.007165410223190966 0.04376429502684861 0.05031513518291659 0.005254867167830872 -1000.0 
-1000.0 -1000.0 0.050430855930576154 -1000.0 0.05758126410126005 0.05168876492061212 0.05607127457152614 -1000.0 
-1000.0 -1000.0 -0.09546189942981839 0.05343558332702104 0.053173043372431346 0.06094457975001973 0.056538458552190175 -1000.0 
-1000.0 -1000.0 0.04937713256723085 -0.07785050126575838 0.04454576581835937 0.05826359969475536 0.05565225065784274 -1000.0 
-1000.0 -1000.0 0.01897930986127282 0.0392816472753945 0.05100330480173867 0.04693354684987861 0.05178465502825621 -1000.0 
-1000.0 -1000.0 0.0013941658704930363 0.051535118820497515 0.05466383867535498 0.05218841615151505 0.04675533587565828 -1000.0 
-1000.0 -1000.0 0.051814593327556786 -1000.0 0.05113005187663827 0.06636284443257034 0.05292220821313813 -1000.0 
-1000.0 -1000.0 -0.05154524226994383 0.050910579596180276 0.051491750562029544 0.05065996778432011 0.04901194987624855 -1000.0 
-1000.0 -1000.0 0.051323061757424515 -0.06577620050309811 0.05291825864905489 0.06163611557055962 0.05427417943731469 -1000.0 
-1000.0 -1000.0 0.045538110563529514 0.009114193218103559 0.051568484414141184 0.050532191986856795 0.048106301783475136 -1000.0 
-1000.0 -1000.0 0.04851400803424701 0.04936700942946041 0.05587169133627677 0.05491809191885235 0.049497970311582526 -1000.0 
-1.0 -1.0 -1.0 -1.0 -1.0 -1.0 -1.0 -1.0 
-1000.0 -0.042892701885256616 -1000.0 -1000.0 -1000.0 -1000.0 -1000.0 -1000.0 
-1000.0 0.05554228504515343 -1000.0 -1000.0 -1000.0 -1000.0 -1000.0 -1000.0 
-1000.0 -0.09275670837174263 -1000.0 -1000.0 -1000.0 -1000.0 -1000.0 -1000.0 
-1000.0 0.10000000000000006 -1000.0 -1000.0 -1000.0 -1000.0 -1000.0 -1000.0 
-0.012213624096517179 -1000.0 -1000.0 -1000.0 -1000.0 -1000.0 -1000.0 -1000.0 
-0.0644961910977556 -0.03823977018692326 -1000.0 -1000.0 -1000.0 -1000.0 -1000.0 -1000.0 
0.060791731770170956 0.053322115151163564 -1000.0 -1000.0 -1000.0 -1000.0 -1000.0 -1000.0 
0.02314277852794349 -0.04832280906118374 -1000.0 -1000.0 -1000.0 -1000.0 -1000.0 -1000.0 
-0.05465773019965734 0.0729000000000001 -1000.0 -1000.0 -1000.0 -1000.0 -1000.0 -1000.0 
0.05552894676955222 -1000.0 -1000.0 -1000.0 -1000.0 -1000.0 -1000.0 -1000.0 
0.057942308596735534 0.06466757752253907 -1000.0 -1000.0 -1000.0 -1000.0 -1000.0 -1000.0 
0.06080426559161574 0.03264654484003667 -1000.0 -1000.0 -1000.0 -1000.0 -1000.0 -1000.0 
-0.013940562346949568 -0.07932103009132299 -1000.0 -1000.0 -1000.0 -1000.0 -1000.0 -1000.0 
-0.0836283635560501 0.019400113109567685 -1000.0 -1000.0 -1000.0 -1000.0 -1000.0 -1000.0 
-0.08962306893747315 -1000.0 -1000.0 -1000.0 -1000.0 -1000.0 -1000.0 -1000.0 
-0.09833737845939403 0.06356147518483375 -1000.0 -1000.0 -1000.0 -1000.0 -1000.0 -1000.0 
-0.07563952640243168 0.0052452638092635555 -1000.0 -1000.0 -1000.0 -1000.0 -1000.0 -1000.0 
-0.09134990805733884 -0.09063739001748725 -1000.0 -1000.0 -1000.0 -1000.0 -1000.0 -1000.0 
-0.08909672988972192 0.05374743641021006 -1000.0 -1000.0 -1000.0 -1000.0 -1000.0 -1000.0 
0.10000000000000006 -1000.0 -1000.0 -1000.0 -1000.0 -1000.0 -1000.0 -1000.0 
0.0729000000000001 -0.07567711327097167 -1000.0 -1000.0 -1000.0 -1000.0 -1000.0 -1000.0 
-0.018966268332342523 -0.059892441444812386 -1000.0 -1000.0 -1000.0 -1000.0 -1000.0 -1000.0 
0.05418985161439299 -0.0999518156421769 -1000.0 -1000.0 -1000.0 -1000.0 -1000.0 -1000.0 
-0.0400864865860208 -0.09696674346253087 -1000.0 -1000.0 -1000.0 -1000.0 -1000.0 -1000.0 
-1.0 -1.0 -1.0 -1.0 -1.0 -1.0 -1.0 -1.0 
-1000.0 0.05190644543692895 -1000.0 0.05729280312391649 0.0505623163288092 -1000.0 -1000.0 -1000.0 
-1000.0 0.05715253632157713 -1000.0 0.05139991665698147 0.04800389733654917 -1000.0 -1000.0 -1000.0 
-1000.0 0.06220148269734497 -1000.0 0.05910096852336221 -0.08828482977298083 -1000.0 -1000.0 -1000.0 
-1000.0 0.10000000000000006 -1000.0 0.10000000000000006 0.047573546158563386 -1000.0 -1000.0 -1000.0 
0.06702068087428213 -1000.0 0.060656983694126615 -1000.0 0.049884561256342025 -1000.0 -1000.0 -1000.0 
0.054622268579034225 0.05672238636949879 0.0548929595162643 0.05919004881264894 0.04623484519916739 -1000.0 -1000.0 -1000.0 
0.05173154962820187 0.051453996597579925 0.05513511045452713 0.05292913655120144 0.05997120030672058 -1000.0 -1000.0 -1000.0 
0.05835304268248946 0.06951067972777197 0.05003834890383277 0.06160527840889653 -0.062151487207908716 -1000.0 -1000.0 -1000.0 
-1.4365039388567445E-4 0.08100000000000007 2.870555384190367E-5 0.08100000000000007 0.05712727945353538 -1000.0 -1000.0 -1000.0 
0.05728420284215371 -1000.0 0.061114555346132735 -1000.0 0.048917413815306954 -1000.0 -1000.0 -1000.0 
0.05035816643617447 0.049174869329866276 0.04974248663136716 0.06000417594927834 0.05983367853445016 -1000.0 -1000.0 -1000.0 
0.05324836467748792 0.04905457281492301 0.05307542875125896 0.05011963848358457 0.052633375571476154 -1000.0 -1000.0 -1000.0 
0.05029910065851026 0.009137166179100579 0.048324136992733156 -0.0024002654901113564 -0.06363897649578187 -1000.0 -1000.0 -1000.0 
0.04864378303417272 0.06305668799710219 0.04981416520043423 0.05892122884158051 0.045901243665656025 -1000.0 -1000.0 -1000.0 
0.06385058301640548 -1000.0 0.06092291342597393 -1000.0 -0.08510790442831948 -1000.0 -1000.0 -1000.0 
0.04882834350952487 0.05218528652052214 0.04933308897523003 0.05297553693932412 -0.08235010752335259 -1000.0 -1000.0 -1000.0 
-0.0014911974461589608 0.04791836106340313 -0.00848446855832399 0.05266469270371256 -0.03463766028379358 -1000.0 -1000.0 -1000.0 
0.04808071639131364 0.04732100804274979 0.047731793966535395 0.04896676828849327 -0.06927944295222044 -1000.0 -1000.0 -1000.0 
-0.03225904546795388 0.05745891556609865 -0.015233989937339104 0.05802992078386179 -0.015017663794572752 -1000.0 -1000.0 -1000.0 
0.10000000000000006 -1000.0 0.10000000000000006 -1000.0 0.04929804646852223 -1000.0 -1000.0 -1000.0 
0.08100000000000007 0.007786451147392124 0.08100000000000007 -0.0031968346065836856 0.053352194688064895 -1000.0 -1000.0 -1000.0 
0.05379619829884829 0.04743183895619091 0.07390686742605271 0.049334507436610796 0.04224609897526814 -1000.0 -1000.0 -1000.0 
0.05079686904415115 -0.044255246929126385 0.05299739474955607 -0.03770194066389316 -0.02301705970909752 -1000.0 -1000.0 -1000.0 
0.05762916692101676 0.0631468567127296 0.06232629775252703 0.05566819483252401 -0.07220373624787749 -1000.0 -1000.0 -1000.0 
-1.0 -1.0 -1.0 -1.0 -1.0 -1.0 -1.0 -1.0 
-1000.0 0.05978286208498079 -1000.0 -0.0615611000133498 -1000.0 0.08999999999999998 -1000.0 -1000.0 
-1000.0 -0.030552746351341725 -1000.0 0.052400923844547045 -1000.0 -0.09790910801838382 -1000.0 -1000.0 
-1000.0 0.05125843249308566 -1000.0 0.09999999999999995 -1000.0 -0.05341412231065425 -1000.0 -1000.0 
-1000.0 0.10000000000000006 -1000.0 0.05450221147165572 -1000.0 0.05452377604384968 -1000.0 -1000.0 
0.05643922298616345 -1000.0 -0.003484079994975183 -1000.0 -1000.0 0.08999999999999998 -1000.0 -1000.0 
0.053760427258436896 0.05599595777672921 0.058262885815367954 0.04848214489004575 -1000.0 0.051420512084906195 -1000.0 -1000.0 
0.052088199276705445 0.045544290643570004 0.06680406610506424 0.059268516798013815 -1000.0 -0.08815925743605851 -1000.0 -1000.0 
0.013412791206126347 0.054267181054031624 -0.024598842771191502 0.05487328429368936 -1000.0 0.040581075834665435 -1000.0 -1000.0 
0.05056139773108846 0.05476320998417274 0.04810509294323336 0.04818752457809996 -1000.0 0.05095309477016432 -1000.0 -1000.0 
-0.06085983917203494 -1000.0 0.05018210931850849 -1000.0 -1000.0 -0.07510842024295886 -1000.0 -1000.0 
0.058750642250757365 0.05183461960140705 0.05177750533670986 0.01084222062007401 -1000.0 -0.07245755634874612 -1000.0 -1000.0 
0.06032279689104303 0.0034457212288302773 0.04885997882177196 0.04873699531641835 -1000.0 -0.09663903520556436 -1000.0 -1000.0 
-0.04640357612568711 0.046975701248307605 0.047683935016227745 0.05750546631338683 -1000.0 -0.02975941650886237 -1000.0 -1000.0 
0.04962069623254594 0.053893714309906804 0.06219557129195974 0.052504204305712274 -1000.0 -0.06861053466689851 -1000.0 -1000.0 
0.05537766433768941 -1000.0 0.09999999999999995 -1000.0 -1000.0 -0.04276880997396228 -1000.0 -1000.0 
0.05551733723592456 0.05398137369248197 0.05475713523914144 -0.06686302181396764 -1000.0 0.05607197033884058 -1000.0 -1000.0 
0.05074528087946359 -0.05792939396948959 0.05419713613512476 0.04806491911502431 -1000.0 -0.07191145358539189 -1000.0 -1000.0 
0.0465540921332318 0.04962846472558924 -0.05688522272644951 -0.052203804061361034 -1000.0 -0.03661635144864473 -1000.0 -1000.0 
0.05539328779479001 -0.006529976341473568 0.05092388407525003 0.059096021651212804 -1000.0 0.045559484454553954 -1000.0 -1000.0 
0.10000000000000006 -1000.0 0.05453738200682422 -1000.0 -1000.0 0.05509841276944388 -1000.0 -1000.0 
0.053900669287246995 0.05244854639164252 0.04791694852063393 0.04614863050062314 -1000.0 0.04787239085398573 -1000.0 -1000.0 
0.05544327083120633 0.04892267986412492 0.059818821540156185 0.05386000723916274 -1000.0 -0.051705994008903994 -1000.0 -1000.0 
0.002336471414029125 0.05623218889007436 0.04505168057971937 0.05228549669032468 -1000.0 0.05148223409262681 -1000.0 -1000.0 
0.05286472031490647 0.05084140125387728 0.05534471640784296 0.0513028682797539 -1000.0 0.05185903927004569 -1000.0 -1000.0 
-1.0 -1.0 -1.0 -1.0 -1.0 -1.0 -1.0 -1.0 
-1000.0 0.0505816963303416 -1000.0 0.04813807753338467 0.061053180573779925 -1000.0 -0.09999999999999995 -1000.0 
-1000.0 0.05601324097658592 -1000.0 0.10000000000000006 0.059264250629274116 -1000.0 0.051070864382989724 -1000.0 
-1000.0 0.04993640391461694 -1000.0 0.06318406226554658 0.06096552990918505 -1000.0 0.05599819331637437 -1000.0 
-1000.0 0.10000000000000006 -1000.0 0.05792405349034377 0.06144439798694507 -1000.0 0.049179572528133285 -1000.0 
0.049123145169676995 -1000.0 0.050318451281647684 -1000.0 0.060780683739994124 -1000.0 -0.09999999999999995 -1000.0 
0.05028783892075706 0.050829054170339734 0.050558685106192255 0.05268204890577649 0.050957119155375805 -1000.0 -0.06785770341922724 -1000.0 
0.057420415996393415 0.05907944992233699 0.05280551344211655 0.06450153272442587 0.05859744794278836 -1000.0 -0.08051737828799944 -1000.0 
0.024341640994908455 0.0510741909343695 0.05214162101642354 0.054161472359348234 0.054452013104217975 -1000.0 -0.058788060850602 -1000.0 
0.051838361845239975 0.07042805012835418 0.055831570017575397 0.05275857644266877 0.05705600387018612 -1000.0 -0.07573398588803826 -1000.0 
0.05899713226045554 -1000.0 0.09999999999999995 -1000.0 0.066607187532887 -1000.0 0.052316918648577064 -1000.0 
0.05752981329212394 0.05760622771211839 0.0633694749317365 0.04911753292961223 0.05577971093727181 -1000.0 -0.06553340704789404 -1000.0 
0.04407685499675601 0.00397853823822488 0.05644218123977912 0.05054589342651942 0.05312313992097878 -1000.0 0.05606091770010468 -1000.0 
0.05235721217332862 0.05261316889083866 0.05672514503406722 0.05316268839713778 0.05653235594487889 -1000.0 0.046483301304067776 -1000.0 
0.05421172797623855 0.051006344929547434 0.054311365842189506 0.05861581193219008 0.05134919016085828 -1000.0 -0.00922635078384932 -1000.0 
0.0500808597172947 -1000.0 0.06717579321094795 -1000.0 0.055501220909096836 -1000.0 0.05253860209131272 -1000.0 
0.05238430302217154 0.05719914051503155 0.05440096683979498 0.055105115943030636 0.06373461985562143 -1000.0 -0.01447976861389193 -1000.0 
0.05130771046754052 0.051790867385536205 0.058523580585940795 0.05783260846267246 0.05435979473678989 -1000.0 0.04734151443515346 -1000.0 
0.05505226840254638 0.05499770845532536 0.056756737995001943 0.05369490087752519 0.04580452930633418 -1000.0 0.04500080985932088 -1000.0 
0.05494332410259422 0.05806504628794349 0.05495004498016669 0.043976630704152385 0.04992749665740765 -1000.0 0.04559351460655496 -1000.0 
0.10000000000000006 -1000.0 0.05051546886563049 -1000.0 0.05577167084571852 -1000.0 0.05199647174270337 -1000.0 
0.06815390337325031 0.05359606230860994 0.05288228481946669 0.0588295336165674 0.050251699336023324 -1000.0 -0.09277393478479046 -1000.0 
0.049554832605110136 0.05519699942804305 0.057428042453888356 0.052592136583043604 0.06174735457917377 -1000.0 -0.001961771869813831 -1000.0 
0.057673433116156636 0.056252134011298395 0.019711392766401003 0.05555804122963266 0.05022176505837363 -1000.0 0.04728462490531515 -1000.0 
0.05216413564032426 0.05085870955778542 0.04984292584458964 0.052314010633031496 0.052673088743639185 -1000.0 0.05333789256025726 -1000.0 
-1.0 -1.0 -1.0 -1.0 -1.0 -1.0 -1.0 -1.0 
-1000.0 0.05388162045818526 -1000.0 0.10000000000000006 0.06848087616593831 0.07216440300366823 -1000.0 -0.10000000000000006 
-1000.0 0.049808366709273195 -1000.0 -0.005284361254185088 0.055087522200487 0.05206646822191551 -1000.0 -0.10000000000000006 
-1000.0 0.06139811523032065 -1000.0 0.05845752710744441 0.07334574804689371 0.06292629050097813 -1000.0 -0.10000000000000006 
-1000.0 0.09999999999999995 -1000.0 0.05727463542632294 0.060090181587115266 0.06235609184465321 -1000.0 -0.09999999999999995 
0.05379796972439508 -1000.0 0.09999999999999995 -1000.0 0.06938933856929438 0.07281213242264437 -1000.0 -0.10000000000000006 
0.05539754609501535 0.056644256477634554 0.0014874595367832671 0.016988226984962954 0.059041342234416413 0.05649389265992773 -1000.0 -0.10000000000000006 
0.054011954567845896 0.04727074757246729 0.05602645383958604 -0.02146813191639342 0.05347522812364572 0.052608906645217016 -1000.0 -0.10000000000000006 
0.05019354476489401 0.06126011522454092 0.050140074577175835 0.05820430984384066 0.052034951489761776 0.056364745773441284 -1000.0 -0.10000000000000006 
0.05784877644567109 0.0032717481706137945 0.05425439531787193 0.05233812978982082 0.06549082872749809 0.05446554693078201 -1000.0 -0.10000000000000006 
0.047656714418183393 -1000.0 0.0013949487063424206 -1000.0 0.06062939983116733 0.04977933072350889 -1000.0 -0.10000000000000006 
0.05219722262531427 0.0504904909363583 -0.01146721714248198 0.05355183643692648 0.05327354578119204 0.0531706732287896 -1000.0 -0.09999999999999995 
0.05163984131415487 0.05272838108448677 0.06167810064065777 0.051328917750738154 0.05056412882370043 0.058835312132266185 -1000.0 -0.10000000000000006 
0.049850043857326304 0.04930459419120992 0.05127223959609305 0.06327463880295772 0.025636955961136954 0.024724583262558004 -1000.0 -0.09999999999999995 
0.05237651137489316 0.05700910957858677 0.06539671488434598 0.04976746400163164 0.050691266296005344 0.052184588561849696 -1000.0 -0.09999999999999995 
0.05801027186803121 -1000.0 0.05437003751492706 -1000.0 0.06524874658066433 0.06339323466714744 -1000.0 -0.09999999999999995 
0.053945276278841596 0.05230063730058161 0.058664429145487716 0.05020905685098533 0.052374155715609536 0.05327699790479635 -1000.0 -0.09999999999999995 
0.0490336941167475 0.04670576552116624 0.052647504065597664 0.05251284370016791 0.052135013293081685 0.055084446926809284 -1000.0 -0.09999999999999995 
0.05176832562229689 0.05205476584686044 0.05191353087780404 0.054920682749352245 0.04812339936129846 0.049974141672672195 -1000.0 -0.09999999999999995 
0.050108435621193284 0.056378675872577 0.050047030418379414 0.04972660020380943 0.04927326999053167 0.048444017757076976 -1000.0 -0.1000000001531127 
0.09999999999999995 -1000.0 0.04743777112212252 -1000.0 0.06408692899093699 0.062081323351914706 -1000.0 -0.10000000000000006 
0.02943087614859805 0.05540151791227735 0.05394596544098199 0.05607568590423954 0.05049806262436785 0.04791182683511354 -1000.0 -0.09999999999999995 
0.05351409247438903 0.05541795905326758 0.0525304092595625 0.05081537751895601 0.05868993807848089 0.0518502371886814 -1000.0 -0.10000000000000006 
0.05057505857066044 0.05473040334801903 0.04675144283311862 0.049443669821963764 0.04502192684954588 0.04978091082132223 -1000.0 -0.09999999999999995 
0.053691624831545326 0.05371825233956045 0.051855267453473276 0.05234381106402546 0.05416122666795015 0.054650628751601905 -1000.0 -0.09999999999999995 
-1.0 -1.0 -1.0 -1.0 -1.0 -1.0 -1.0 -1.0 
-1000.0 -0.09050242732067998 -1000.0 -1000.0 0.08100000000000007 -1000.0 -1000.0 -1000.0 
-1000.0 0.05039686568091959 -1000.0 -1000.0 0.06047443482229542 -1000.0 -1000.0 -1000.0 
-1000.0 0.10000000000000006 -1000.0 -1000.0 0.058771943275753566 -1000.0 -1000.0 -1000.0 
-1000.0 0.05062912445459477 -1000.0 -1000.0 0.059582911571040786 -1000.0 -1000.0 -1000.0 
-0.06679755469438946 -1000.0 -1000.0 -1000.0 0.08100000000000007 -1000.0 -1000.0 -1000.0 
-0.05987448742754456 -0.06254409702815317 -1000.0 -1000.0 0.05321518880790712 -1000.0 -1000.0 -1000.0 
-0.04935593728332227 0.051705347661975994 -1000.0 -1000.0 0.05796112956630782 -1000.0 -1000.0 -1000.0 
-0.08311405211655776 0.04929899664624216 -1000.0 -1000.0 0.04998834691920416 -1000.0 -1000.0 -1000.0 
-0.08300996875091546 0.04733620214818722 -1000.0 -1000.0 0.07050450929761773 -1000.0 -1000.0 -1000.0 
0.054489057074543185 -1000.0 -1000.0 -1000.0 0.06410742731708527 -1000.0 -1000.0 -1000.0 
0.05126933392186823 -0.08221417583074839 -1000.0 -1000.0 0.0554518964755598 -1000.0 -1000.0 -1000.0 
0.04851916550263572 0.033955690837008314 -1000.0 -1000.0 0.06038186036304565 -1000.0 -1000.0 -1000.0 
-0.07237103071594239 0.04964311791320936 -1000.0 -1000.0 0.05051329882472348 -1000.0 -1000.0 -1000.0 
-0.060448230992516935 0.060467809122092715 -1000.0 -1000.0 0.007358797342115501 -1000.0 -1000.0 -1000.0 
0.10000000000000006 -1000.0 -1000.0 -1000.0 0.05797366205363435 -1000.0 -1000.0 -1000.0 
0.04989936491358175 -0.0593804266498097 -1000.0 -1000.0 0.05338059776816011 -1000.0 -1000.0 -1000.0 
0.04965627734881791 -0.06602056804745249 -1000.0 -1000.0 0.05603736145701156 -1000.0 -1000.0 -1000.0 
-0.05851893095550026 -0.0628633975504274 -1000.0 -1000.0 0.051026637838109616 -1000.0 -1000.0 -1000.0 
0.047330445695148056 -0.0630643708622369 -1000.0 -1000.0 0.048020998701146525 -1000.0 -1000.0 -1000.0 
0.049673431276658686 -1000.0 -1000.0 -1000.0 0.06395198302368221 -1000.0 -1000.0 -1000.0 
0.047358628141892664 -0.06411081900668225 -1000.0 -1000.0 0.052836085689907115 -1000.0 -1000.0 -1000.0 
0.058968686156140517 -0.03594662713172709 -1000.0 -1000.0 0.0046651840656235935 -1000.0 -1000.0 -1000.0 
-0.07957699707303906 0.0477891473411162 -1000.0 -1000.0 0.04715298136003926 -1000.0 -1000.0 -1000.0 
0.051783503154626785 0.04951062227476733 -1000.0 -1000.0 -0.049043740660244334 -1000.0 -1000.0 -1000.0 
-1.0 -1.0 -1.0 -1.0 -1.0 -1.0 -1.0 -1.0 
-1000.0 -0.023835472594051953 -1000.0 0.08443369051702297 -1000.0 0.09000000000000012 -1000.0 -1000.0 
-1000.0 0.04869012391133203 -1000.0 -0.04142886221767626 -1000.0 -0.06452352290097667 -1000.0 -1000.0 
-1000.0 0.10000000000000006 -1000.0 0.05131471779433143 -1000.0 -0.0427274255517469 -1000.0 -1000.0 
-1000.0 0.055346942249686296 -1000.0 0.09999999999999995 -1000.0 0.05246701842509394 -1000.0 -1000.0 
-0.05235858971141046 -1000.0 0.0560811525704107 -1000.0 -1000.0 0.08999999999999998 -1000.0 -1000.0 
0.052536594124125854 0.03257046042772864 0.0482684763305957 0.05073188326366848 -1000.0 0.05131526676052838 -1000.0 -1000.0 
0.040094797442311106 0.04992615284029088 0.05511705331983874 0.02892140672651223 -1000.0 -0.04536936045088055 -1000.0 -1000.0 
-0.054270204193505873 0.053379741735919126 0.033410393810650085 0.051976412363010926 -1000.0 0.028452833660461967 -1000.0 -1000.0 
0.048747477400006706 0.051242920934201526 0.04499373560562622 0.05545625821108649 -1000.0 0.04867242121657965 -1000.0 -1000.0 
0.055695908064289645 -1000.0 -0.031874250840061014 -1000.0 -1000.0 -0.09726068281950881 -1000.0 -1000.0 
0.05146659466402108 0.003914587562777594 0.0532314267252751 0.05389723632382686 -1000.0 -0.03929320325947294 -1000.0 -1000.0 
0.04541834977297749 0.05192468416881925 0.05413157652848349 0.015733640378853272 -1000.0 -0.04636116990494603 -1000.0 -1000.0 
0.05060784270730592 0.05676601237178998 -0.04954037347621057 0.044167278790667466 -1000.0 -0.07670544677972693 -1000.0 -1000.0 
0.054730695351214054 0.05143266355885885 0.04857919977752767 0.049559708684175946 -1000.0 -0.08899179854934458 -1000.0 -1000.0 
0.09999999999999995 -1000.0 0.0545330834087211 -1000.0 -1000.0 -0.04039534529558061 -1000.0 -1000.0 
0.054202413819012224 -0.0359473722619569 0.05244870345896146 0.05230769332360221 -1000.0 0.04709087624308722 -1000.0 -1000.0 
0.0785948006161648 0.04785136233522135 0.05175171529760997 -0.02623732726158322 -1000.0 -0.09839395535619286 -1000.0 -1000.0 
-0.02100253093665758 -0.050390532642792446 0.04955091429219607 0.04739422696861258 -1000.0 -0.04137219193325412 -1000.0 -1000.0 
0.04973782184495118 0.050556555052191865 0.05342585310617728 0.011096068733402449 -1000.0 0.05481716568554522 -1000.0 -1000.0 
0.05474121128641033 -1000.0 0.09999999999999995 -1000.0 -1000.0 0.05408186350372948 -1000.0 -1000.0 
0.051407171600600196 0.0498959724411165 0.05524124128614866 0.04763879095834741 -1000.0 0.04896793771071768 -1000.0 -1000.0 
0.05482600233821548 0.0619678943360097 0.08959871246744766 0.047012660705004226 -1000.0 -0.07383505163804571 -1000.0 -1000.0 
0.04049518068707701 0.05744874923952851 -0.06240605283642273 0.05943965069597972 -1000.0 0.057923095827752784 -1000.0 -1000.0 
0.049926414729671485 0.04687368984538151 0.05001259093134571 0.05234999297809602 -1000.0 0.05173464495392674 -1000.0 -1000.0 
-1.0 -1.0 -1.0 -1.0 -1.0 -1.0 -1.0 -1.0 
-1000.0 0.05463043399914297 -1000.0 0.056553534777443286 0.059868162095095816 -0.10000000000000006 -1000.0 -1000.0 
-1000.0 0.05667587040524679 -1000.0 0.05910928373389662 0.05241399834502039 0.048633498939189536 -1000.0 -1000.0 
-1000.0 0.09999999999999995 -1000.0 0.09999999999999995 0.05306652587901861 0.05722978251258282 -1000.0 -1000.0 
-1000.0 0.06054148746088873 -1000.0 0.06006426064981389 0.05856076892461349 0.04832356872587742 -1000.0 -1000.0 
0.06318927690693746 -1000.0 0.05540964108493814 -1000.0 0.06486122462150423 -0.10000000000000006 -1000.0 -1000.0 
0.05803045136945524 0.056498639789110856 0.06251235905823221 0.05556674938783135 0.055518479539047226 -0.09038062731299501 -1000.0 -1000.0 
0.05578796287703398 0.05464490664653978 0.05834972410230442 0.054513794285685126 0.053894878510672616 -0.09781896262384895 -1000.0 -1000.0 
0.047043548413381514 0.06111595374692615 0.04519855656733936 0.06010173631023058 0.05816171028511884 -0.0646556607559194 -1000.0 -1000.0 
0.05463735200497882 0.05187826775011904 0.054220946351685465 0.05131517496699642 0.06662129227039498 -0.03561475992571406 -1000.0 -1000.0 
0.06116461043250096 -1000.0 0.05442642412078185 -1000.0 0.05159236583162417 0.050921553332525286 -1000.0 -1000.0 
0.04975029427078767 0.049326262645761995 0.049268593491832956 0.0496667106598697 0.047172413531112754 -0.08751877008288447 -1000.0 -1000.0 
0.0619535071456874 0.04858588889010525 0.05954705962681342 0.05031481590479011 0.04827560867107091 0.05621526333893339 -1000.0 -1000.0 
0.049762921393257234 0.0651599562600979 0.05001712989647514 0.06752794462670669 0.022909299997302554 0.03940905308488001 -1000.0 -1000.0 
0.053681216845516175 0.05328934745820183 0.052592609352615664 0.05318424719495928 0.011351061863446458 0.018472911302714674 -1000.0 -1000.0 
0.10000000000000006 -1000.0 0.09999999999999995 -1000.0 0.056173779568375895 0.05951112275082743 -1000.0 -1000.0 
0.059128136958163505 0.0437033623764591 0.060261665165654656 0.0461034587324902 0.058387500030210315 -0.06914329214207388 -1000.0 -1000.0 
0.055312823550278105 0.0526450630671069 0.05944707168360558 0.05498078470958502 0.05338046534328293 0.051642067344418494 -1000.0 -1000.0 
0.05556687559912499 0.05661966264716478 0.055843620609091114 0.06357503859626033 0.05455582134727615 0.04729374229188985 -1000.0 -1000.0 
0.056488985334172945 0.05847484609760634 0.05833955610067249 0.06211855831617759 0.05661201407622489 0.04629144154398274 -1000.0 -1000.0 
0.05853194215175468 -1000.0 0.06006975266667102 -1000.0 0.054108481740133094 0.052050767249858965 -1000.0 -1000.0 
0.0497825723136367 0.052791924703319344 0.05245831192907473 0.052511069874125245 0.05071435284309177 -0.04250143096734482 -1000.0 -1000.0 
0.06306838076980188 0.05400810292180322 0.06423728821760519 0.05185506459872008 0.052197118032126566 0.025174439474868193 -1000.0 -1000.0 
0.053081387829966985 0.054853804024567285 0.05529031479440346 0.05527386494173752 0.054083462602948315 0.051279295614414286 -1000.0 -1000.0 
0.055820366684006785 0.05081290250366947 0.05487382198280588 0.050303956471571216 0.05305998258231891 0.05371343009092192 -1000.0 -1000.0 
-1.0 -1.0 -1.0 -1.0 -1.0 -1.0 -1.0 -1.0 
-1000.0 0.06346684494485334 -1000.0 0.0684927975988723 -1000.0 -0.021454240494951347 -0.09999999999999995 -1000.0 
-1000.0 0.06670962626313287 -1000.0 0.09999999999999995 -1000.0 0.052076909376229615 -0.10000000000000006 -1000.0 
-1000.0 0.09999999999999995 -1000.0 0.07073780391886952 -1000.0 0.049866209643119795 -0.09999999999999995 -1000.0 
-1000.0 0.0694443200349969 -1000.0 0.062468212999918366 -1000.0 0.059626475647380786 -0.09999999999999995 -1000.0 
0.06397578672037571 -1000.0 0.06317343090066244 -1000.0 -1000.0 0.011692531864392692 -0.10000000000000006 -1000.0 
0.0544434471580123 0.05009034127361979 0.05509240754537736 0.062479580960836556 -1000.0 0.02868879331165628 -0.10000000000000006 -1000.0 
0.05501178545389598 0.06498683057837107 0.05683289785364537 0.06959915336894387 -1000.0 0.048296148482944064 -0.09999999999999995 -1000.0 
0.04807347733643626 0.06859496564728565 0.04791266010243096 0.0563408757294787 -1000.0 0.047428743134792596 -0.09999999999999995 -1000.0 
0.05049841496450835 0.06398283242841125 0.049387042065945234 0.05279784735044271 -1000.0 0.05403049478074811 -0.10000000000000006 -1000.0 
0.06425321075568886 -1000.0 0.09999999999999995 -1000.0 -1000.0 0.05489725575623202 -0.09999999999999995 -1000.0 
0.05749131757524409 0.03875470587031634 0.06932996089212283 0.05200563986957851 -1000.0 0.050977409418035996 -0.10000000000000006 -1000.0 
0.05674869587817153 0.052484721480744914 0.052450544944604216 0.05231084647126608 -1000.0 0.05223634696225372 -0.09999999999999995 -1000.0 
0.05814015055309264 0.05412094242881567 0.06929503429460136 0.050315875017394616 -1000.0 0.05057238614512196 -0.10000000000000006 -1000.0 
0.04979987493436153 0.050918425938671394 0.06170606131999294 0.04745508260354828 -1000.0 0.051870561995390356 -0.10000000000000006 -1000.0 
0.09999999999999995 -1000.0 0.06881586110330669 -1000.0 -1000.0 0.04789375223900687 -0.09999999999999995 -1000.0 
0.07559868238567262 0.049230203674214226 0.05894341156655571 0.04872266248105275 -1000.0 0.05962182547061701 -0.10000000000000006 -1000.0 
0.061579806739450654 0.047250248088578195 0.05370870682902045 0.06668189915757101 -1000.0 0.04513598509739826 -0.09999999999999995 -1000.0 
0.06497334782003986 0.06573293890519133 0.052357521534125866 0.054743788955557676 -1000.0 0.04768092084091454 -0.09999999999999995 -1000.0 
0.0627329059687119 0.05450556083265562 0.05793990975010577 0.05320201004879918 -1000.0 0.04917592243376919 -0.09999999999999995 -1000.0 
0.0687496170572095 -1000.0 0.05320512357845905 -1000.0 -1000.0 0.05834581944972801 -0.09999999999999995 -1000.0 
0.054157995557694856 0.050729073508362706 0.049547268519033724 0.05187897729785426 -1000.0 0.05138296524046192 -0.09999999999999995 -1000.0 
0.05389614873894146 0.052865107272970516 0.04863907727528893 0.06693047768778641 -1000.0 0.04712942933813793 -0.10000000000000006 -1000.0 
0.051368516325110476 0.06715145011548236 0.016593241594185577 0.049345429572683536 -1000.0 0.0490886812258252 -0.09999999773107765 -1000.0 
0.056343592230201966 0.05272343101325795 0.050058660693572184 0.058810118326671434 -1000.0 0.051275088526544194 -0.09999999999999995 -1000.0 
-1.0 -1.0 -1.0 -1.0 -1.0 -1.0 -1.0 -1.0 
-1000.0 0.07068843830331771 -1000.0 0.10000000000000006 0.08999999999999998 -1000.0 0.0729000000000001 0.0729000000000001 
-1000.0 0.06014589644590594 -1000.0 0.08021573183911015 0.0628564247962494 -1000.0 -0.030884857882298954 -0.022056155387119664 
-1000.0 0.10000000000000006 -1000.0 0.049822172342606365 0.06124650469440159 -1000.0 0.04814783950014097 0.05592558193293983 
-1000.0 0.07761686338916399 -1000.0 0.06387470026427312 0.057091463852610755 -1000.0 -0.09506031403664203 -0.08346633812599721 
0.053274044196730576 -1000.0 0.09999999999999995 -1000.0 0.09000000000000007 -1000.0 0.0729000000000001 0.0729000000000001 
0.04945715201640696 0.05267480766493419 0.07799136694052866 0.07290284716884733 0.05171123342597833 -1000.0 0.047986101860592545 0.04833702054671726 
0.0645659756453326 0.05479547288488457 0.05044344845327536 0.04841970210041814 0.05961281722459501 -1000.0 -0.024757344424933606 0.00638779949555974 
0.06207318918004641 0.0767760438351606 0.06951623285961289 0.052507335554003075 0.05070921714233673 -1000.0 0.047475078057658174 0.060079096499101516 
0.05337159061138085 0.04850227884277063 0.05366649194534966 0.053954806497334404 0.05931972875344518 -1000.0 -0.09667213492141938 -0.09433950344775507 
0.05837501309715358 -1000.0 0.07550304497327688 -1000.0 0.05487799800412098 -1000.0 -0.02421417263108175 -0.014880006586445494 
0.04884376201940215 0.053299007308857074 0.050738132128480856 0.05175096373335695 0.0560276013143936 -1000.0 -0.04124712983270054 -0.008115829086801392 
0.05413243855773426 0.051106123601790246 0.05349576395345701 0.05008428214684789 0.05433946171954829 -1000.0 0.04963490907577633 0.05940200140892688 
0.0509635606970459 0.05115629096217862 0.05634228246555807 0.050206433746637885 0.024324645289197797 -1000.0 0.03375850505417997 0.025531182238607193 
0.05087879735207634 0.05145452192833076 0.05486056097710468 0.050861481464117585 0.048907557808140385 -1000.0 -0.09014265291675669 -0.09397905518243452 
0.10000000000000006 -1000.0 0.048451577213018654 -1000.0 0.06359892704951615 -1000.0 0.049678695028102925 0.05445697454044295 
0.07734861470812476 0.0655694232682243 0.05343098600156257 0.056872580467087056 0.05546835179420043 -1000.0 0.05341958702127473 0.05323174028072727 
0.05056304896457538 0.05049767920567406 0.053015261598978014 0.05691650938289583 0.05074256884286104 -1000.0 0.0503975245356873 0.06545632707347658 
0.058788100950660796 0.05504889255731139 0.05320681336281331 0.07515517300579262 0.05772992694366508 -1000.0 0.0023477854207935535 0.006480522859396449 
0.056405049771808616 0.0521150061130471 0.05190244963477583 0.06144668920547268 0.059924450791362556 -1000.0 -0.036218045824643955 -0.057516650713850107 
0.0734932486534386 -1000.0 0.056306581633520356 -1000.0 0.05317403886851493 -1000.0 -0.07382500038390499 -0.09379041553669551 
0.04916368222397812 0.053789823301117756 0.04959842066887872 0.0539409055291877 0.05904876826758 -1000.0 -0.06995441921547497 -0.08265375934006844 
0.05826277323039203 0.052939344037967816 0.07105464777197874 0.048425567932488464 0.050422188887797446 -1000.0 -0.0921230440781555 -0.06042151799323855 
0.05239250610255029 0.05540567424107966 0.062005924137780784 0.0535773069021155 0.057340358552660634 -1000.0 -0.05684147288698397 -0.09338028185747974 
0.0517933291230432 0.05104806720551426 0.05136008904348306 0.05096834745459071 0.061168340971083916 -1000.0 -0.06398814639731878 -0.09965627741764257 
-1.0 -1.0 -1.0 -1.0 -1.0 -1.0 -1.0 -1.0 
-1000.0 0.05521013008120877 -1000.0 -1000.0 0.0545143040631977 0.05509825838453798 -1000.0 -1000.0 
-1000.0 0.09999999999999995 -1000.0 -1000.0 0.08449315361094974 0.057210656713476346 -1000.0 -1000.0 
-1000.0 0.08999999999999998 -1000.0 -1000.0 -0.024937343605886352 -0.06190903633948594 -1000.0 -1000.0 
-1000.0 -0.046778641409648464 -1000.0 -1000.0 0.049535096714451665 0.05660669718080913 -1000.0 -1000.0 
0.05525635124097105 -1000.0 -1000.0 -1000.0 0.05370403464016114 0.05576928015457813 -1000.0 -1000.0 
0.04879128567382734 0.02252133892751067 -1000.0 -1000.0 0.05095545085345363 0.046950388495908484 -1000.0 -1000.0 
-0.07575480646805506 0.08999999999999998 -1000.0 -1000.0 0.05211024131935381 0.060071684035251295 -1000.0 -1000.0 
0.05273581882270944 0.05954511162584537 -1000.0 -1000.0 0.04340915717810608 0.04677587826207647 -1000.0 -1000.0 
0.049919326096405287 -0.06975331479650135 -1000.0 -1000.0 0.04775315124575809 0.057515457156280377 -1000.0 -1000.0 
0.10000000000000006 -1000.0 -1000.0 -1000.0 0.049829431473080874 0.05951923214412873 -1000.0 -1000.0 
0.08999999999999998 -0.07899262225655701 -1000.0 -1000.0 0.04878719209074251 0.059457006424451814 -1000.0 -1000.0 
-0.08127009846210331 -0.08078746243946786 -1000.0 -1000.0 0.05610266304406509 0.05086290370254732 -1000.0 -1000.0 
-0.050017050363724704 -0.0960059868942861 -1000.0 -1000.0 -0.0032886488472415707 0.006620967159729374 -1000.0 -1000.0 
0.05559089618878648 -0.06714231785611811 -1000.0 -1000.0 0.04685329840841177 0.052169702629764586 -1000.0 -1000.0 
0.08999999999999998 -1000.0 -1000.0 -1000.0 -0.010667767381657822 -0.05366661856082431 -1000.0 -1000.0 
0.05733560720593833 0.05115646894436923 -1000.0 -1000.0 0.05625364573494339 0.06611888389500824 -1000.0 -1000.0 
-0.06338946266436041 -0.03000791677014422 -1000.0 -1000.0 0.04529020903261428 0.05085702447178242 -1000.0 -1000.0 
0.030617702971102577 0.05534595211033979 -1000.0 -1000.0 -0.023856941338841548 -0.04841665850303989 -1000.0 -1000.0 
0.03365865628179809 -0.08899330022846028 -1000.0 -1000.0 0.04793477050151964 0.04953133533820839 -1000.0 -1000.0 
-0.054986454315546905 -1000.0 -1000.0 -1000.0 0.05499624383825126 0.051311734593928175 -1000.0 -1000.0 
-0.09810151590649127 0.05793373890971448 -1000.0 -1000.0 0.04779983067551281 0.050419888005067914 -1000.0 -1000.0 
-0.08673161614368949 0.05717184712758609 -1000.0 -1000.0 0.050738472905686824 0.04687526808505071 -1000.0 -1000.0 
-0.07080481179385319 0.04778672785006647 -1000.0 -1000.0 0.04765168823519433 0.047408312626858504 -1000.0 -1000.0 
-0.06713803279141016 -0.06450585874522777 -1000.0 -1000.0 0.05902176277086031 0.056402400012126 -1000.0 -1000.0 
-1.0 -1.0 -1.0 -1.0 -1.0 -1.0 -1.0 -1.0 
-1000.0 0.05790616219428092 -1000.0 0.05411108116019875 0.06061628286708942 -1000.0 -0.09999999999999995 -1000.0 
-1000.0 0.10000000000000006 -1000.0 0.053123284694229424 0.05935913046195103 -1000.0 0.04940288908179938 -1000.0 
-1000.0 0.06308021743550327 -1000.0 0.05848328137244914 0.05378155078672241 -1000.0 0.05589351465078403 -1000.0 
-1000.0 0.054649392040451376 -1000.0 0.10000000000000006 0.056322697123937275 -1000.0 0.051012052685894066 -1000.0 
0.05123015361154581 -1000.0 0.053232352671734 -1000.0 0.059883060504310054 -1000.0 -0.09999999999999995 -1000.0 
0.049558686337758354 0.061004703125909776 0.05556916201478426 0.05213631178117793 0.04956123940007419 -1000.0 -0.08748908876070183 -1000.0 
0.05136257164473713 0.06447766422588694 0.055673595895652336 0.06081986573791559 0.06251964062399346 -1000.0 -0.09582808818351221 -1000.0 
0.04896908686650121 0.053705769931719584 -0.0015725047081569905 0.05567333555391875 0.054708190073891425 -1000.0 -0.0751721590979646 -1000.0 
0.05332025484419921 0.04890407798520125 0.005192290451094935 0.06369577167637253 0.06217387954424268 -1000.0 -0.07508265199003503 -1000.0 
0.10000000000000006 -1000.0 0.055021224758551306 -1000.0 0.06605390484743077 -1000.0 0.0509118614947882 -1000.0 
0.062424563136959973 -0.0064369342776609915 0.058127833481199986 0.05268297432870321 0.0562716982543054 -1000.0 -0.05999793330903324 -1000.0 
0.05122866158801872 0.0564549564480709 0.057489099287185486 0.01876047682131156 0.05333402416851784 -1000.0 0.047684925402112374 -1000.0 
0.05192993910610836 0.051285840118463995 0.055876534181292216 0.0015068789034448902 0.04854715634399348 -1000.0 0.030332776135365336 -1000.0 
0.05445454708357965 0.0509581410832859 0.04808968288343772 0.052965503352093005 0.049338848325459456 -1000.0 -0.0013095355377789612 -1000.0 
0.06507797128786502 -1000.0 0.050189031126601814 -1000.0 0.052580889213439896 -1000.0 0.05627000470344533 -1000.0 
0.05249178550868216 0.0473537260267783 0.05982679545053137 0.05582837368645221 0.06443081186362293 -1000.0 -0.04653835938243003 -1000.0 
0.05001662029421816 0.05625666402558786 0.04803719073512249 0.055937004221638616 0.0600559231099394 -1000.0 0.045337407856808815 -1000.0 
0.05908076621013401 0.05731448431827423 0.04651369266468143 0.05757202604682842 0.044939375013547944 -1000.0 0.05043766307898138 -1000.0 
0.06123750056720467 0.05651771252090509 0.05231862524383997 0.055639082346110584 0.05386527774893759 -1000.0 0.04652248497860575 -1000.0 
0.05047767225444562 -1000.0 0.09999999999999995 -1000.0 0.056310057141290615 -1000.0 0.05251111711938963 -1000.0 
0.05016976573797688 0.053400354869078556 0.06669172824001816 0.05211515432235606 0.049726149267173635 -1000.0 -0.06126520077424801 -1000.0 
0.04821338165838325 0.051033837283032235 0.056827979902015754 0.04488115748147804 0.060761927988996024 -1000.0 -0.006373804587891457 -1000.0 
0.004107605552987056 0.05063694101707499 0.049411619205326315 0.05146054419087012 0.05067340989055764 -1000.0 0.04461362795170227 -1000.0 
0.009954943055948365 0.03694541410363998 0.05666638719626893 0.05122772260394914 0.05335168263345007 -1000.0 0.05264222187531356 -1000.0 
-1.0 -1.0 -1.0 -1.0 -1.0 -1.0 -1.0 -1.0 
-1000.0 0.06136314764484199 -1000.0 0.06827659049172266 -1000.0 -0.02202480782008285 -0.09999999999999995 -1000.0 
-1000.0 0.09999999999999995 -1000.0 0.06256835602290725 -1000.0 0.0545731424283112 -0.10000000000000006 -1000.0 
-1000.0 0.06650215467076932 -1000.0 0.10000000000000006 -1000.0 0.051168311388317275 -0.09999999999999995 -1000.0 
-1000.0 0.054694191631665896 -1000.0 0.07359190891979496 -1000.0 0.05462245694518739 -0.09999999999999995 -1000.0 
0.06102387735748695 -1000.0 0.07164863343042864 -1000.0 -1000.0 0.006726243849937099 -0.09999999999999995 -1000.0 
0.051122678518296036 0.05893054551531579 0.05360435021274119 0.05138365144474126 -1000.0 0.013901474880072463 -0.10000000000000006 -1000.0 
0.05369598977136993 0.07472469642245454 0.05572394757738061 0.051975330437156936 -1000.0 0.06063327421022063 -0.10000000000000006 -1000.0 
0.05400256865045682 0.057797844773253004 0.04793028229268263 0.06850485776062765 -1000.0 0.04413981602158104 -0.09999999999999995 -1000.0 
0.054616845375683336 0.05615204835548572 0.04643690750247813 0.06321994929629637 -1000.0 0.06343773703729476 -0.09999999999999995 -1000.0 
0.09999999999999995 -1000.0 0.06325949058559895 -1000.0 -1000.0 0.056747943006495646 -0.10000000000000006 -1000.0 
0.06786174007188084 0.051358381488107216 0.05168072141088061 0.024766492942968326 -1000.0 0.05881086606016506 -0.09999999999999995 -1000.0 
0.05742965724353072 0.05110357820137338 0.05247888262233736 0.051227252097985176 -1000.0 0.0503121688006378 -0.09999999999999995 -1000.0 
0.0657569994638782 0.05432119313081648 0.06270057919436206 0.05159054482719508 -1000.0 0.050375050325629556 -0.09999999999999995 -1000.0 
0.06285830933351604 0.057156522139961835 0.05842702246706334 0.05266602410410409 -1000.0 0.055212875227902775 -0.09999999999999995 -1000.0 
0.06743645353055329 -1000.0 0.10000000000000006 -1000.0 -1000.0 0.047401518598263276 -0.10000000000000006 -1000.0 
0.06194615234133724 0.04616906285084993 0.07497054558484663 0.04525823180397058 -1000.0 0.053291447012462814 -0.10000000000000006 -1000.0 
0.05370059635060992 0.06497739850580511 0.0527373383372595 0.050353802696334576 -1000.0 0.06072125940557186 -0.09999999999999995 -1000.0 
0.05431374317883549 0.05149857306387225 0.06438311347351788 0.06320799318709977 -1000.0 0.05114958267043949 -0.09999999999999995 -1000.0 
0.05809344308642781 0.05937913842284804 0.06598030357552326 0.052526188167514885 -1000.0 0.05313246595033368 -0.09999999999999995 -1000.0 
0.050867579621397666 -1000.0 0.0694829439459319 -1000.0 -1000.0 0.05490350550477807 -0.10000000000000006 -1000.0 
0.05551395961734192 0.05159950705140468 0.059426530728909445 0.04940758754612549 -1000.0 0.05501031760695527 -0.10000000000000006 -1000.0 
0.05991961661977781 0.06445484633830798 0.05581180075793997 0.05258643310266521 -1000.0 0.051780019966432105 -0.10000000000000006 -1000.0 
0.022295553957507118 0.05099344908751285 0.05404325956456152 0.0672476845744162 -1000.0 0.05430255577633275 -0.10000000000000006 -1000.0 
0.051020718380319685 0.05137188716512766 0.05107598330425358 0.04990274527948867 -1000.0 0.05532969886289823 -0.09992618762244818 -1000.0 
-1.0 -1.0 -1.0 -1.0 -1.0 -1.0 -1.0 -1.0 
-1000.0 0.056555703645699486 -1000.0 0.05539613367669797 0.07732081873915889 0.0729000000000001 0.0729000000000001 -1000.0 
-1000.0 0.10000000000000006 -1000.0 0.10000000000000006 0.05023380670680028 -0.00872414441808094 -0.026557981991462528 -1000.0 
-1000.0 0.08999999999999998 -1000.0 0.08999999999999998 0.05518348064083867 0.048648332720951794 0.054602568831625446 -1000.0 
-1000.0 0.06284593872511832 -1000.0 0.054479854825583464 0.05448469604520326 -0.08876224073531544 -0.031032926288379288 -1000.0 
0.055625873987623684 -1000.0 0.053992336428729186 -1000.0 0.07694681929049312 0.0729000000000001 0.0729000000000001 -1000.0 
0.05661398063196532 0.05685920027973675 0.05643334071472646 0.05716903471981531 0.050271379663044145 0.04833312904112234 0.0484707802835319 -1000.0 
0.048151171270199626 0.09000000000000007 0.05213700506425543 0.09000000000000004 0.05659165112136382 -0.06302567995801284 -0.014882712794979243 -1000.0 
0.05744740902434113 0.05117256195444525 0.05542810679921334 0.05668771592234756 0.05245774094942194 0.04978952141228382 0.05598556449367356 -1000.0 
0.06042213250418167 0.05865005751392249 0.05918217147584711 0.0619560920143789 0.05677989918439764 -0.05985994836382565 -0.06376670595898168 -1000.0 
0.09999999999999995 -1000.0 0.10000000000000006 -1000.0 0.047317041163144766 -0.010087673166457223 0.013932240931053358 -1000.0 
0.08999999999999998 0.04994880656789985 0.08999999999999998 0.04872558900752902 0.05583511330487084 -0.02854653887478636 -0.018661823655740498 -1000.0 
0.056033024333624226 0.058729172277920065 0.05807109709446302 0.056795979466360995 0.049271901829321195 0.05480115839378168 0.05611067765884667 -1000.0 
0.06114242829155414 0.05819940193526227 0.05822306799887132 0.06008061829290552 0.052728078442548 0.02300727260283123 0.041761704969013595 -1000.0 
0.054009686395464 0.05083328733912584 0.05402312704968107 0.051935001854014666 0.05718377277554495 -0.06015426189929308 -0.09494662088330419 -1000.0 
0.09000000000000005 -1000.0 0.09000000000000004 -1000.0 0.05439669318204755 0.04888012304033992 0.053101949620341996 -1000.0 
0.04972694769220297 0.06209827132192434 0.04898820693694493 0.058227420034336626 0.047920147032311476 0.04769654407633018 0.0497585337995034 -1000.0 
0.06052702686148376 0.060472476511599364 0.057857364153990565 0.061435376402700574 0.05468279706014739 0.05887349342826672 0.0706957279567506 -1000.0 
0.053673306453522196 0.05565364778734034 0.051587994411819646 0.05683335666168701 0.049323329862077575 -0.0018824030842545922 0.015354843328162355 -1000.0 
0.05819253430486103 0.05128792296703592 0.05553076980264098 0.05191549318488356 0.056231646229068295 -0.09568740749974716 -0.05212041680324983 -1000.0 
0.05401698838275209 -1000.0 0.07706283734572017 -1000.0 0.05995649110681795 -0.02886532153431996 -0.07037559923552168 -1000.0 
0.0556656463435328 0.053480749813195706 0.05509407182860452 0.05332936547363347 0.04892405649806404 -0.07130612726306015 -0.06319649069705538 -1000.0 
0.049679862364324825 0.054917870904490025 0.05262711857585038 0.05234655358436209 0.0530257357839318 -0.09482349751368149 -0.05703787846361887 -1000.0 
0.021758371864206857 0.057298652566343616 0.027774389516553442 0.05014820415137565 0.048292927909248176 -0.055328973028143484 -0.04752272969178247 -1000.0 
0.04927127819885262 0.05514808252998196 0.049328228914634814 0.04986616277054117 0.021697192493917085 -0.08881540545071553 -0.10375507657609853 -1000.0 
-1.0 -1.0 -1.0 -1.0 -1.0 -1.0 -1.0 -1.0 
-1000.0 0.0555582760191797 -1000.0 0.09999999999999995 -1000.0 0.04970191832363619 0.08100000000000007 0.04998477287709025 
-1000.0 0.10000000000000006 -1000.0 0.05945506882597453 -1000.0 0.04855441540584006 0.057531132692403265 0.04892666063153556 
-1000.0 0.05214051187209453 -1000.0 0.05017451500573252 -1000.0 -0.09240031960054218 0.056637650521724925 -0.0601933098808488 
-1000.0 0.056069929045294474 -1000.0 0.05568341042477627 -1000.0 0.04806805880412831 0.06236021890297605 0.0502111719406565 
0.057964568342870774 -1000.0 0.09999999999999995 -1000.0 -1000.0 0.049822633138728686 0.08100000000000007 0.05026895358273149 
0.04933688000562054 0.055119552450769216 0.05045949335038974 0.05003454840440657 -1000.0 0.04771269471404922 0.0505350433226441 0.04651062583386869 
0.06098026970235186 0.052043911626852665 0.0581097700284829 0.057268837429427934 -1000.0 0.06395080309198543 0.0574631456894301 0.058230579477167546 
0.06156096456169769 0.053728895928739084 0.0547910455100336 0.05661062023290431 -1000.0 -0.06250932679149226 0.05272870382830496 -0.07594212033603649 
0.048919657557223085 0.054786002665977204 0.05529119574622495 0.055714281353834286 -1000.0 0.0533116278894538 0.06470229598311623 0.05358723662326054 
0.09999999999999995 -1000.0 0.06010355563284941 -1000.0 -1000.0 0.048667142223840346 0.05524258630191268 0.05308141559272519 
0.05993578434859795 0.04864596785351225 0.05061359762705741 0.06105662923314091 -1000.0 0.052779730496993985 0.054234572994839705 0.05485055203853928 
0.05155954975446042 0.06073774810215617 0.05650405475344325 0.05094774512977325 -1000.0 0.05377853703977737 0.05371416469724238 0.05362928238859505 
0.06071622642750645 0.0538428968386974 0.054753747411568486 0.054397784320121045 -1000.0 -0.06613496430963546 0.04980677789297668 -0.04271717064080648 
0.057031153871203014 0.053799865247073836 0.053405287428189376 0.049496185194387046 -1000.0 0.0523839889339726 0.01349347311431614 0.04456081724716138 
0.05422859049556821 -1000.0 0.06120539334400169 -1000.0 -1000.0 -0.09984858381776279 0.058669871332637916 -0.0959659279585463 
0.04661962441779798 0.05324628155045242 0.055202377498662615 0.06838024145984382 -1000.0 -0.07021800689739072 0.050301644652502454 -0.06770531794515003 
0.05837218698706341 0.06007969203626545 0.05605928228547383 0.05968181807521396 -1000.0 -0.07152564942184383 0.05347641059452881 -0.06854924708469795 
0.05464309498446959 0.06467102399444992 0.057569563839923364 0.053126984153707923 -1000.0 -0.07113680585036875 0.049862824367108705 -0.09972951453430479 
0.05216316926947431 0.0522354120336478 0.04633127009850609 0.04977352587441729 -1000.0 -0.04612833330966089 0.04786007597252822 -0.050677541623525814 
0.06632678134666906 -1000.0 0.059701575973962674 -1000.0 -1000.0 0.04988881924114318 0.05832935631565926 0.04878192775788934 
0.049954509158148364 0.05215569592146992 0.06116684065268355 0.05570312493657564 -1000.0 0.06102629071657285 0.05236513582506674 0.05380462476242669 
0.05948855735822445 0.05472357900274172 0.05477972651644186 0.051726132361287966 -1000.0 0.04397417201150907 0.002814340524849649 0.050608519416682735 
0.04655909747730896 0.06022700127920636 0.04906822915850491 0.06148612225376661 -1000.0 -0.045636869107468885 0.050284644092014726 -0.0533750719734345 
0.7364877083974772 -1.1510093452496186 0.1642088329013534 -0.4954906382187157 -1000.0 -0.042664684064832356 -0.5164500695750448 0.3953226110273354 
-1.0 -1.0 -1.0 -1.0 -1.0 -1.0 -1.0 -1.0 
-1000.0 0.09999999999999995 -1000.0 -1000.0 0.07085703183355638 0.05931531395728539 0.06539649693004282 -1000.0 
-1000.0 -0.10000000000000006 -1000.0 -1000.0 0.05073676854210425 0.05764732250220339 0.04878077657092358 -1000.0 
-1000.0 0.04933891850432458 -1000.0 -1000.0 0.050936151741975584 0.06457239990517168 0.05765724537489439 -1000.0 
-1000.0 0.055778305996111444 -1000.0 -1000.0 0.054454868214860196 0.05853686921604253 0.05177313677105917 -1000.0 
0.09999999999999995 -1000.0 -1000.0 -1000.0 0.07008420460006201 0.06026506319460349 0.06822720982470344 -1000.0 
-0.10000000000000006 -0.10000000000000006 -1000.0 -1000.0 0.052311225550805966 0.05135470954617311 0.05538023072776188 -1000.0 
0.05136704227297018 -0.0934667976859577 -1000.0 -1000.0 0.04955167586103212 0.06760008854824787 0.05385645387972424 -1000.0 
0.050112459645179096 -0.07698485957222692 -1000.0 -1000.0 0.056190379415140095 0.053990739235890525 0.056677145135258185 -1000.0 
0.04714484416035663 -0.07378581430907843 -1000.0 -1000.0 0.054703662730335986 0.0559789135413142 0.053365625921685145 -1000.0 
-0.10000000000000006 -1000.0 -1000.0 -1000.0 0.05606060730647203 0.06751981806970161 0.056978320886775 -1000.0 
-0.08493962990433587 0.050204376341899545 -1000.0 -1000.0 0.05234180999887497 0.05221832219978351 0.051864272784493654 -1000.0 
-0.031710405615569245 -0.06293325910264042 -1000.0 -1000.0 0.05491643312647384 0.053093657245367895 0.058205089171381286 -1000.0 
-0.06868048493556482 0.0567509202988798 -1000.0 -1000.0 -0.0038094376812190397 0.048111932188843756 0.0071472655337158466 -1000.0 
-0.0478951229553646 0.04951621318661195 -1000.0 -1000.0 0.02352664789928545 0.04900438832816901 0.04753692748915078 -1000.0 
0.05155925145971617 -1000.0 -1000.0 -1000.0 0.054931422229992574 0.053254423864318785 0.05972058021077974 -1000.0 
-0.05747431420539287 0.052077252939280186 -1000.0 -1000.0 0.05650380749881552 0.06253223448343746 0.052602134309914984 -1000.0 
0.055677441060291356 -0.0701225997544915 -1000.0 -1000.0 0.0532910917037427 0.05758767514285588 0.05119954327432091 -1000.0 
0.042709472046741255 0.047857400153573766 -1000.0 -1000.0 0.05564950117748231 0.04979098018899902 0.050747738559062956 -1000.0 
0.004719137648860102 0.05253030511017155 -1000.0 -1000.0 0.04797551514514409 0.05409549924724899 0.05272628200607799 -1000.0 
0.05172590179552846 -1000.0 -1000.0 -1000.0 0.05131182078441619 0.05507542516236427 0.05321149452522642 -1000.0 
-0.07348549627887868 0.050050262997998404 -1000.0 -1000.0 0.048972371627360685 0.05149848580543766 0.0521725068219234 -1000.0 
0.052965977950758844 -0.03568366720045755 -1000.0 -1000.0 0.0579859130836424 0.06202682631505579 0.033216905905374794 -1000.0 
0.04673289254451991 0.0383742353682612 -1000.0 -1000.0 0.047549498584751146 0.05046024559069067 0.05645135990620785 -1000.0 
0.04607749924868535 0.050528208139919116 -1000.0 -1000.0 0.05088933316200316 0.05771533507309717 0.05835955818159623 -1000.0 
-1.0 -1.0 -1.0 -1.0 -1.0 -1.0 -1.0 -1.0 
-1000.0 0.10000000000000006 -1000.0 0.06175572993653814 0.06855004437343257 0.06873122475667368 -1000.0 -0.09999999999999995 
-1000.0 0.008887978582883406 -1000.0 0.04927203331915671 0.052490121902473874 0.05437779930106649 -1000.0 -0.09999999999999995 
-1000.0 0.05420891359443492 -1000.0 0.05516354387861986 0.06594493592462554 0.06346684507702076 -1000.0 -0.10000000000000006 
-1000.0 0.051044346254142524 -1000.0 0.09999999999999995 0.07145867998288424 0.063807369900128 -1000.0 -0.10000000000000006 
0.10000000000000006 -1000.0 0.05759309234778786 -1000.0 0.07659161871935033 0.06804388781560676 -1000.0 -0.09999999999999995 
0.019661067917819536 -0.002550566119514445 0.054514344267597145 0.0516155142111646 0.05397923898281992 0.05898118338289249 -1000.0 -0.10000000000000006 
0.053711031805966016 -0.022962064744412137 0.05063385003824524 0.05119077779831494 0.05337065768048233 0.05518071120904432 -1000.0 -0.10000000000000006 
0.04912399167499772 0.05195663617481484 0.04984381745827358 0.05376368207577057 0.051079026526071485 0.05662250325929057 -1000.0 -0.09999999999999995 
0.055065346166002664 0.04873809659512644 0.046026432788822694 0.04099998261203509 0.05400089885172313 0.0613297341103403 -1000.0 -0.09999999999999995 
-0.005244464418682992 -1000.0 0.04783481803661823 -1000.0 0.04947646039563634 0.06172090499864026 -1000.0 -0.09999999999999995 
-0.01344437694803174 0.05167201809158129 0.05065623300791888 0.049295166586663615 0.05089928868813654 0.05123038979154111 -1000.0 -0.09999999999999995 
0.048883671570577505 0.052267919491600305 0.05308649917647931 0.05130658430611788 0.06201438348831677 0.05101350153641799 -1000.0 -0.10000000000000006 
0.04854714804832352 0.05283325958161288 0.048127972938454486 0.04652528091061773 0.023541233047241924 0.030209973428060033 -1000.0 -0.09999999999999995 
0.05361251545937145 0.049584279554812295 0.049860847621745745 0.05326740030006817 0.05034897189287765 0.05072269521450977 -1000.0 -0.09999999999999995 
0.05662024847245361 -1000.0 0.05441267607481623 -1000.0 0.06716844775481166 0.06403908388141002 -1000.0 -0.10000000000000006 
0.051580279280076476 0.048052214575426626 0.05267068579160371 0.046110849749061954 0.05235680875871298 0.055406750265921734 -1000.0 -0.10000000000000006 
0.054154518761062115 0.05408787571106566 0.049893704070611264 0.044849083087059594 0.05540108895535065 0.05124017914230829 -1000.0 -0.10000000000000006 
0.048796493178432196 0.047900847557702145 0.047729530925815875 0.04911673738735786 0.048038700586019306 0.04407655291231828 -1000.0 -0.10000000000000006 
0.04749570618912872 0.046797027419719806 0.05453257632902915 0.05003936476183326 0.04871500994531157 0.04838319761218588 -1000.0 -0.09999999999999995 
0.05025548435999102 -1000.0 0.10000000000000006 -1000.0 0.06149518390255559 0.06513531777550273 -1000.0 -0.10000000000000006 
0.04876281914162913 0.05239589667058844 0.022000510392159885 0.04878837136599397 0.04722211429023805 0.0484679130216294 -1000.0 -0.10000000000000006 
0.047386372394516145 0.05026595548952757 0.053598070574025033 0.04839923948116114 0.052569286603822984 0.05720376297658829 -1000.0 -0.09999999999999995 
0.046007619123331255 0.0482997067333175 0.05101058926736008 0.052415502781720844 0.04934856465826143 0.04633582215587965 -1000.0 -0.09999999999999995 
0.049953669482631434 0.0487318793400763 0.05440670616415785 0.05194891595579722 0.05506860829155327 0.05079679978886492 -1000.0 -0.0997234545568931 
-1.0 -1.0 -1.0 -1.0 -1.0 -1.0 -1.0 -1.0 
-1000.0 0.09999999999999995 -1000.0 0.05454387345507092 0.08999999999999998 -1000.0 0.0729000000000001 0.0729000000000001 
-1000.0 0.07658102447349455 -1000.0 0.05647051474949579 0.06645170356176668 -1000.0 -0.015039148196077285 -0.011361529452931866 
-1000.0 0.04861751076013853 -1000.0 0.09999999999999995 0.05845506942189818 -1000.0 0.05587515235503615 0.04648690350137881 
-1000.0 0.05453286722962296 -1000.0 0.07537424444740758 0.054451830667493324 -1000.0 -0.09097812792613236 -0.08762105657989286 
0.09999999999999995 -1000.0 0.05935893551683529 -1000.0 0.09000000000000007 -1000.0 0.0729000000000001 0.0729000000000001 
0.07290268184855575 0.07637413145324756 0.05622190477260534 0.054899213488545415 0.050778523363921135 -1000.0 0.04849653230864042 0.04805201077332242 
0.050054056252973975 0.05106380218955105 0.05192439975330939 0.05712913340087575 0.060126604745535994 -1000.0 -0.06434046918833239 0.004345149059172455 
0.05426881551132178 0.052939328255584714 0.05137914532143524 0.07361954944034711 0.05095545861221114 -1000.0 0.05882668594740674 0.047442756078398554 
0.054384371136525715 0.05234583943627835 0.053630376723785886 0.049636875751285586 0.05863007773531013 -1000.0 -0.059761720058930594 -0.07686849390908153 
0.07397267661173253 -1000.0 0.056823788901838035 -1000.0 0.06051456051729539 -1000.0 0.010940390312348471 -0.020129494850712096 
0.05240276206401081 0.04830274151669152 0.053847152224021186 0.05189811033856376 0.06055850510852931 -1000.0 -0.030768409675739905 -0.04151070631228683 
0.052274691929366526 0.05061123206142261 0.055361468653610274 0.052220670055782514 0.052338636897018585 -1000.0 0.06069387095574792 0.04749940069312919 
0.04940521073374218 0.044879502750470854 0.0530644266837855 0.05168357075509364 0.019174520339572773 -1000.0 0.031861258172866426 0.02502762985089394 
0.05670866808494373 0.053512637561117446 0.05436810554511056 0.056472920601208745 0.05285596269064503 -1000.0 -0.06275297234576452 -0.08706129192933454 
0.048284524144449156 -1000.0 0.09999999999999995 -1000.0 0.060798600627643265 -1000.0 0.052793152506690026 0.048361120617756485 
0.053847607965094586 0.05408024205673065 0.07513483856106705 0.04937774776734943 0.058686959416258275 -1000.0 0.04899955463025413 0.04828844441897469 
0.05489181822813907 0.049072278435689044 0.05549210306777794 0.05758697863833222 0.05058544958918757 -1000.0 0.06532348943943818 0.05380090514445142 
0.059264233343188755 0.05454279682498826 0.053800508222904116 0.054308080515500595 0.05244830409283631 -1000.0 0.003536676519146586 -9.18855908570073E-5 
0.05566192513337645 0.051427506947129054 0.054962335196351686 0.04717996751768688 0.0630137410839875 -1000.0 -0.03600658577281623 -0.07216502002141424 
0.057359636242935726 -1000.0 0.07306894993397847 -1000.0 0.05452879817716378 -1000.0 -0.039678123907744264 -0.06791750174693506 
0.04927747902107156 0.05409460430034674 0.04804244848748401 0.05272283595947379 0.060415567236636006 -1000.0 -0.07455209525001014 -0.07869242270078654 
0.06220205051141978 0.05087019339770514 0.052115479551449455 0.05257919850285581 0.04893312591261895 -1000.0 -0.08720856570043084 -0.049190117979889335 
0.05221407203525065 0.05310493607763879 0.05461094752566024 0.05606014265016093 0.05929181911069104 -1000.0 -0.07421266551842305 -0.0706822598724982 
0.05993627745650621 0.0500199291500458 0.05668100139563732 0.04960127286347316 0.052554040932482365 -1000.0 -0.06098693455346042 -0.0833312247720327 
-1.0 -1.0 -1.0 -1.0 -1.0 -1.0 -1.0 -1.0 
-1000.0 0.10000000000000006 -1000.0 0.05777230033353806 -1000.0 0.05037961854419902 0.08100000000000007 0.049661880127992435 
-1000.0 0.051695851438591144 -1000.0 0.09999999999999995 -1000.0 0.04896358360991291 0.06272266808464788 0.04901789977724907 
-1000.0 0.05042563037755896 -1000.0 0.06109248418858208 -1000.0 -0.09389142374290216 0.05179551486461545 -0.029370531747758777 
-1000.0 0.05681126139628624 -1000.0 0.053568226606982766 -1000.0 0.049382267855203985 0.04075695551040653 0.055661955491690354 
0.10000000000000006 -1000.0 0.0650893125215352 -1000.0 -1000.0 0.049298674372875925 0.08100000000000007 0.049157078235987056 
0.050264771769127845 0.052394884801089565 0.05254298603982047 0.0529451801782239 -1000.0 0.04877018497160624 0.053707229148517686 0.046170544832140975 
0.049699456946486496 0.05523536499041576 0.05542344697638485 0.0495520269624772 -1000.0 0.058733907256138945 0.057262507458799766 0.06709488702757914 
0.05268178269593258 0.05830234705861615 0.054268579426408656 0.04763862915243324 -1000.0 -0.08290452981008742 0.05132722247673495 -0.05689711508834101 
0.05614844090374423 0.051791438125432895 0.05445771726835797 0.057581984529320535 -1000.0 0.061665202815211526 0.0573078913657903 0.05492363847483407 
0.059155563156523955 -1000.0 0.09999999999999995 -1000.0 -1000.0 0.04844450034139126 0.052978173996026647 0.04911973083562292 
0.05670050661983858 0.06012736244394147 0.052323458533853305 0.04699855854855512 -1000.0 0.053717273879791014 0.055014278624640964 0.05315540781857683 
0.058581313093207 0.05079427173613798 0.05486846632399338 0.064726129387942 -1000.0 0.05370736504549599 0.053731278833355905 0.05307960986461005 
0.051658557256934835 0.054365738233828266 0.0606456138922981 0.0515385503041884 -1000.0 -0.07641878862837334 0.05057174129377963 -0.08215798287183307 
0.05278871258023052 0.05509682370033315 0.0548994998004224 0.053984144045642946 -1000.0 0.03598387221615398 0.01289390181097071 0.038076581039898166 
0.05844743571464191 -1000.0 0.05697193872280992 -1000.0 -1000.0 -0.09674625200049261 0.05870642463443204 -0.06885531817837409 
0.049475917566407866 0.058417561227058754 0.05106463453478438 0.054219785826803577 -1000.0 -0.08375205117616782 0.05026799192133098 -0.06189908220233978 
0.05786286830357828 0.05411368395778379 0.056927919089066775 0.06033846588030596 -1000.0 -0.05523411376343151 0.05314825367628428 -0.05364839683680298 
0.0522601030834675 0.05356157091298143 0.05265721575882564 0.0537626379679748 -1000.0 -0.06627499404323658 0.04780686127205243 -0.045621954914152406 
0.0490424833046613 0.05700118975817225 0.05268130842659362 0.05265412882336173 -1000.0 -0.04539606590349331 0.04815314424047133 -0.08642958610313264 
0.06224547144739049 -1000.0 0.05805288533783418 -1000.0 -1000.0 0.04825384415647006 0.058659811939393146 0.04989564399488784 
0.05231072243491733 0.06076300516433538 0.052838191054413036 0.05062694839069489 -1000.0 0.05421560366051406 0.04952277830681088 0.05122600041212112 
0.05120546993603498 0.05291476683069872 0.059312452100468746 0.06356330637555097 -1000.0 0.042328222982163224 0.006898775426793195 0.04613034954677728 
0.059420137300779066 0.05700364728012418 0.05281802749791375 0.05315684115421272 -1000.0 -0.06991085325619631 0.04974760245180698 -0.09022353559671484 
-0.8795162767184849 0.7185797223137965 -0.10273149683024017 0.8476070398882537 -1000.0 0.08592680413567955 -0.07544881598218345 1.4021878197369724 
-1.0 -1.0 -1.0 -1.0 -1.0 -1.0 -1.0 -1.0 
-1000.0 0.10000000000000006 -1000.0 0.09999999999999995 0.09000000000000012 0.05435506661153832 0.054740762417422886 0.08999999999999998 
-1000.0 0.09000000000000001 -1000.0 0.09000000000000007 -0.08731642438186143 0.05421575681984707 0.0832777985475887 -0.0573540836939706 
-1000.0 0.05107796786177587 -1000.0 0.05752969742682244 -0.03717550019015428 -0.011159401651596627 -0.037339712587173945 -0.05373092806766204 
-1000.0 0.06683255919745651 -1000.0 0.05761739702899287 -0.009444219768546699 0.055084960018741615 -0.014543708510406487 0.039329380476603594 
0.09999999999999995 -1000.0 0.10000000000000006 -1000.0 0.08999999999999998 0.05325600097726794 0.056993886366005414 0.08999999999999998 
0.09000000000000004 0.08999999999999998 0.09000000000000005 0.08999999999999998 0.0558997587324683 0.05118039006044584 0.04998431038410383 0.05970101077312372 
0.05797429788410726 0.050903300784088966 0.053577980029653506 0.050183203085958354 -0.05286401611135621 0.06034849436149803 0.05170786608569318 -0.06714238798250338 
0.05739809183590533 0.04846206152531236 0.05948130074584278 0.05036881837022096 0.031458523237650304 0.05122943112330881 0.02569918769795351 0.026056671545482944 
0.05419227687598662 0.05177610425988081 0.05312330279520388 0.05494489611139956 0.04514689170382463 0.056495973961540165 0.05575587324718995 0.0323058354611058 
0.08999999999999998 -1000.0 0.08999999999999998 -1000.0 -0.056584981488191466 0.06429192603401446 0.05331422194976279 -0.0435022234373985 
0.050184441168257495 0.05354776217695485 0.05287105219528598 0.04982609120633372 -0.07418086511111782 0.05276207004101619 0.05035966475894066 -0.053314303834623156 
0.05049920534219854 0.05003403991051591 0.0477596243179034 0.04779183748500702 -0.07415751910081789 0.05146358509011082 0.05889544876796192 -0.05858999139377635 
0.057524188250599385 0.053768847122110365 0.05527315999149662 0.054652255969181406 -0.054887094036738825 0.01149668563251133 0.004589524055218202 -0.06437498146239205 
0.04674221112576588 0.04984274748550875 0.05143649500848765 0.049567417877310824 -0.08733376168203918 0.048993861816724826 0.046785104307987324 -0.09120233609600892 
0.048610283972393885 -1000.0 0.056682269633913374 -1000.0 -0.0047185747770544725 -0.029069129958623457 0.010897477026103719 -0.028488385045213983 
0.04969557411229571 0.057790881447684565 0.049117779449446355 0.05398947867694681 0.04953566689460756 0.06308738196565052 0.04596206201356259 0.05810098305997399 
0.053449136815056704 0.052476893088328064 0.055015401439741124 0.05343643715439775 -0.05129513761583452 0.053838084697284655 0.052658745623576246 -0.057249431320365425 
0.04866604981598911 0.05618980800183131 0.04790984248184919 0.053748135951353304 -0.04670845305495988 -0.046353636455270936 -0.036734834250865225 -0.027590952295446593 
0.05790763482365133 0.05558245960978123 0.06239432283657495 0.05609577817216845 0.05492869345773401 0.04821140621767034 0.04815207119724201 0.0478450696282491 
0.06135912333626522 -1000.0 0.05316804316526214 -1000.0 0.05278297466549058 0.053786330098632346 0.05291616011482188 0.052978044472471966 
0.05199019417164795 0.05654063719831637 0.052004220231124214 0.055499201818223945 0.0448700037807032 0.049663857890641594 0.05476283191290245 0.052246941463857714 
0.05387367688085887 0.05515612917453892 0.05439796895448292 0.05515326391141151 -0.05923997682947849 0.048958091151161856 0.04967175034398865 -0.052829811761525326 
0.05431108274259129 0.05731080616341204 0.054483637531780156 0.06434180173385706 0.0489879906889268 0.05027229620725813 0.04852505937441814 0.04641890893385694 
-0.8770208754022938 1.478790941272304 -0.4818145582107553 -0.670663229958914 -0.03225924762527824 1.9277353778995536 0.6530709599187021 0.8219454866096504 
alpha
0.2
gamma
0.9
epsilon
0.3678794227774987
END