1.0 1.0 1.0 1.0 1.0 1.0 1.0 1.0 
1.0 1.0 1.0 1.0 1.0 1.0 1.0 1.0 
1.0 1.0 1.0 1.0 1.0 1.0 1.0 1.0 
1.0 1.0 1.0 1.0 1.0 1.0 1.0 1.0 
1.0 1.0 1.0 1.0 1.0 1.0 1.0 1.0 
1.0 1.0 1.0 1.0 1.0 1.0 1.0 1.0 
1.0 1.0 1.0 1.0 1.0 1.0 1.0 1.0 
1.0 1.0 1.0 1.0 1.0 1.0 1.0 1.0 
1.0 1.0 1.0 1.0 1.0 1.0 1.0 1.0 
1.0 1.0 1.0 1.0 1.0 1.0 1.0 1.0 
1.0 1.0 1.0 1.0 1.0 1.0 1.0 1.0 
1.0 1.0 1.0 1.0 1.0 1.0 1.0 1.0 
1.0 1.0 1.0 1.0 1.0 1.0 1.0 1.0 
1.0 1.0 1.0 1.0 1.0 1.0 1.0 1.0 
1.0 1.0 1.0 1.0 1.0 1.0 1.0 1.0 
1.0 1.0 1.0 1.0 1.0 1.0 1.0 1.0 
1.0 1.0 1.0 1.0 1.0 1.0 1.0 1.0 
1.0 1.0 1.0 1.0 1.0 1.0 1.0 1.0 
1.0 1.0 1.0 1.0 1.0 1.0 1.0 1.0 
1.0 1.0 1.0 1.0 1.0 1.0 1.0 1.0 
1.0 1.0 1.0 1.0 1.0 1.0 1.0 1.0 
1.0 1.0 1.0 1.0 1.0 1.0 1.0 1.0 
1.0 1.0 1.0 1.0 1.0 1.0 1.0 1.0 
1.0 1.0 1.0 1.0 1.0 1.0 1.0 1.0 
1.0 1.0 1.0 1.0 1.0 1.0 1.0 1.0 
-1.0 -1.0 -1.0 -1.0 -1.0 -1.0 -1.0 -1.0 
-1000.0 -1000.0 -1000.0 0.08999999999999998 -1000.0 -1000.0 -1000.0 -1000.0 
-1000.0 -1000.0 -1000.0 0.08100000000000014 -1000.0 -1000.0 -1000.0 -1000.0 
-1000.0 -1000.0 -1000.0 -0.09999999999999995 -1000.0 -1000.0 -1000.0 -1000.0 
-1000.0 -1000.0 -1000.0 0.10000000000000006 -1000.0 -1000.0 -1000.0 -1000.0 
-1000.0 -1000.0 0.09000000000000012 -1000.0 -1000.0 -1000.0 -1000.0 -1000.0 
-1000.0 -1000.0 0.08100000000000007 0.06561000000000021 -1000.0 -1000.0 -1000.0 -1000.0 
-1000.0 -1000.0 0.06561000000000021 0.06561000000000021 -1000.0 -1000.0 -1000.0 -1000.0 
-1000.0 -1000.0 0.0729000000000001 0.06561000000000014 -1000.0 -1000.0 -1000.0 -1000.0 
-1000.0 -1000.0 0.07290000000000017 0.0729000000000001 -1000.0 -1000.0 -1000.0 -1000.0 
-1000.0 -1000.0 0.08100000000000007 -1000.0 -1000.0 -1000.0 -1000.0 -1000.0 
-1000.0 -1000.0 0.08100000000000007 0.06561000000000021 -1000.0 -1000.0 -1000.0 -1000.0 
-1000.0 -1000.0 0.0729000000000001 0.0729000000000001 -1000.0 -1000.0 -1000.0 -1000.0 
-1000.0 -1000.0 0.06561000000000021 0.07290000000000017 -1000.0 -1000.0 -1000.0 -1000.0 
-1000.0 -1000.0 0.07290000000000017 0.09000000000000012 -1000.0 -1000.0 -1000.0 -1000.0 
-1000.0 -1000.0 -0.10000000000000006 -1000.0 -1000.0 -1000.0 -1000.0 -1000.0 
-1000.0 -1000.0 -0.09999999999999995 0.0729000000000001 -1000.0 -1000.0 -1000.0 -1000.0 
-1000.0 -1000.0 -0.09999999999999995 0.06561000000000021 -1000.0 -1000.0 -1000.0 -1000.0 
-1000.0 -1000.0 -0.09999999999999995 0.07290000000000017 -1000.0 -1000.0 -1000.0 -1000.0 
-1000.0 -1000.0 -0.09999999999999995 0.08100000000000007 -1000.0 -1000.0 -1000.0 -1000.0 
-1000.0 -1000.0 0.10000000000000006 -1000.0 -1000.0 -1000.0 -1000.0 -1000.0 
-1000.0 -1000.0 0.0729000000000001 -0.10000000000000006 -1000.0 -1000.0 -1000.0 -1000.0 
-1000.0 -1000.0 0.08999999999999998 -0.10000000000000006 -1000.0 -1000.0 -1000.0 -1000.0 
-1000.0 -1000.0 0.08100000000000014 -0.09999999999999995 -1000.0 -1000.0 -1000.0 -1000.0 
-1000.0 -1000.0 -0.09999999999999995 -0.09999999999999995 -1000.0 -1000.0 -1000.0 -1000.0 
-1.0 -1.0 -1.0 -1.0 -1.0 -1.0 -1.0 -1.0 
-1000.0 -1000.0 -1000.0 -0.10000000000000006 0.08100000000000007 -1000.0 -1000.0 -1000.0 
-1000.0 -1000.0 -1000.0 0.09000000000000007 0.08999999999999998 -1000.0 -1000.0 -1000.0 
-1000.0 -1000.0 -1000.0 0.10000000000000006 0.08100000000000007 -1000.0 -1000.0 -1000.0 
-1000.0 -1000.0 -1000.0 0.07290000000000017 0.09000000000000012 -1000.0 -1000.0 -1000.0 
-1000.0 -1000.0 -0.10000000000000006 -1000.0 0.08100000000000007 -1000.0 -1000.0 -1000.0 
-1000.0 -1000.0 -0.10000000000000006 0.07290000000000017 0.07290000000000017 -1000.0 -1000.0 -1000.0 
-1000.0 -1000.0 -0.10000000000000006 0.07290000000000017 0.07290000000000017 -1000.0 -1000.0 -1000.0 
-1000.0 -1000.0 -0.10000000000000006 0.07290000000000017 0.07290000000000017 -1000.0 -1000.0 -1000.0 
-1000.0 -1000.0 -0.10000000000000006 0.06561000000000021 0.0729000000000001 -1000.0 -1000.0 -1000.0 
-1000.0 -1000.0 0.09000000000000012 -1000.0 0.08999999999999998 -1000.0 -1000.0 -1000.0 
-1000.0 -1000.0 0.06561000000000014 0.06561000000000021 0.08100000000000014 -1000.0 -1000.0 -1000.0 
-1000.0 -1000.0 0.08100000000000007 0.07290000000000017 0.06561000000000021 -1000.0 -1000.0 -1000.0 
-1000.0 -1000.0 0.07290000000000017 0.08100000000000014 0.07290000000000017 -1000.0 -1000.0 -1000.0 
-1000.0 -1000.0 -0.08999999999999993 0.0729000000000001 0.08100000000000014 -1000.0 -1000.0 -1000.0 
-1000.0 -1000.0 0.09999999999999995 -1000.0 0.08100000000000014 -1000.0 -1000.0 -1000.0 
-1000.0 -1000.0 0.07290000000000017 -0.10000000000000006 0.08100000000000007 -1000.0 -1000.0 -1000.0 
-1000.0 -1000.0 0.08100000000000014 -0.09999999999999995 0.07290000000000017 -1000.0 -1000.0 -1000.0 
-1000.0 -1000.0 -0.09999999999999995 -0.09999999999999995 0.07290000000000017 -1000.0 -1000.0 -1000.0 
-1000.0 -1000.0 0.09000000000000012 -0.09999999999999995 0.08100000000000007 -1000.0 -1000.0 -1000.0 
-1000.0 -1000.0 0.07290000000000017 -1000.0 0.09000000000000012 -1000.0 -1000.0 -1000.0 
-1000.0 -1000.0 0.06561000000000021 0.07290000000000017 0.06561000000000014 -1000.0 -1000.0 -1000.0 
-1000.0 -1000.0 0.08100000000000007 -0.08999999999999993 0.08100000000000007 -1000.0 -1000.0 -1000.0 
-1000.0 -1000.0 0.07290000000000017 0.09000000000000012 0.07290000000000017 -1000.0 -1000.0 -1000.0 
-1000.0 -1000.0 0.07290000000000017 0.06561000000000014 -0.08999999999999993 -1000.0 -1000.0 -1000.0 
-1.0 -1.0 -1.0 -1.0 -1.0 -1.0 -1.0 -1.0 
-1000.0 -1000.0 -1000.0 0.08100000000000014 0.08100000000000014 0.08100000000000014 -1000.0 -1000.0 
-1000.0 -1000.0 -1000.0 0.09999999999999995 0.09000000000000012 0.08100000000000007 -1000.0 -1000.0 
-1000.0 -1000.0 -1000.0 0.08999999999999998 0.08999999999999998 -0.08999999999999993 -1000.0 -1000.0 
-1000.0 -1000.0 -1000.0 -0.10000000000000006 0.08100000000000014 0.09000000000000007 -1000.0 -1000.0 
-1000.0 -1000.0 0.08100000000000014 -1000.0 0.08100000000000014 0.08100000000000007 -1000.0 -1000.0 
-1000.0 -1000.0 0.06561000000000021 0.07290000000000016 0.07290000000000017 0.0729000000000001 -1000.0 -1000.0 
-1000.0 -1000.0 0.0729000000000001 0.08999999999999998 0.06561000000000021 0.08100000000000014 -1000.0 -1000.0 
-1000.0 -1000.0 0.08100000000000014 0.06561000000000021 0.07290000000000017 0.07290000000000017 -1000.0 -1000.0 
-1000.0 -1000.0 0.06561000000000021 0.07290000000000017 0.07290000000000017 0.08100000000000014 -1000.0 -1000.0 
-1000.0 -1000.0 0.10000000000000006 -1000.0 0.09000000000000012 0.08100000000000014 -1000.0 -1000.0 
-1000.0 -1000.0 0.08999999999999998 -0.09999999999999995 0.08100000000000014 0.07290000000000017 -1000.0 -1000.0 
-1000.0 -1000.0 -0.09999999999999995 -0.10000000000000006 0.07290000000000017 0.07290000000000017 -1000.0 -1000.0 
-1000.0 -1000.0 -0.08999999999999993 -0.09999999999999995 0.08100000000000007 0.0729000000000001 -1000.0 -1000.0 
-1000.0 -1000.0 0.08100000000000014 -0.09999999999999995 0.07290000000000017 0.07290000000000016 -1000.0 -1000.0 
-1000.0 -1000.0 0.08999999999999998 -1000.0 0.09000000000000012 -0.09000000000000007 -1000.0 -1000.0 
-1000.0 -1000.0 0.06561000000000021 0.0729000000000001 0.08100000000000014 0.06561000000000014 -1000.0 -1000.0 
-1000.0 -1000.0 0.07290000000000017 -0.09000000000000012 0.07290000000000017 0.05904900000000021 -1000.0 -1000.0 
-1000.0 -1000.0 0.08100000000000014 0.06561000000000014 0.08100000000000014 0.06561000000000021 -1000.0 -1000.0 
-1000.0 -1000.0 0.07290000000000016 0.05904900000000021 0.07290000000000017 0.0729000000000001 -1000.0 -1000.0 
-1000.0 -1000.0 -0.09999999999999995 -1000.0 0.08100000000000014 0.09000000000000007 -1000.0 -1000.0 
-1000.0 -1000.0 -0.09999999999999995 0.06561000000000021 0.06561000000000021 0.0729000000000001 -1000.0 -1000.0 
-1000.0 -1000.0 -0.09999999999999995 0.08100000000000014 0.0729000000000001 0.08100000000000007 -1000.0 -1000.0 
-1000.0 -1000.0 -0.09999999999999995 0.06561000000000021 0.08100000000000014 0.0729000000000001 -1000.0 -1000.0 
-1000.0 -1000.0 -0.10000000000000006 0.07290000001268004 0.06561000000482217 0.08100000000000009 -1000.0 -1000.0 
-1.0 -1.0 -1.0 -1.0 -1.0 -1.0 -1.0 -1.0 
-1000.0 -1000.0 -1000.0 0.09999999999999995 0.08099999999999995 0.08100000000000007 0.09000000000000012 -1000.0 
-1000.0 -1000.0 -1000.0 -0.09999999999999995 0.09000000000000012 0.08100000000000014 0.07290000000000017 -1000.0 
-1000.0 -1000.0 -1000.0 0.07290000000000017 0.08100000000000014 0.09000000000000012 0.08100000000000014 -1000.0 
-1000.0 -1000.0 -1000.0 0.09000000000000012 0.08100000000000013 0.09000000000000012 0.09000000000000012 -1000.0 
-1000.0 -1000.0 0.09999999999999995 -1000.0 0.08099999999999995 0.08100000000000014 0.09000000000000012 -1000.0 
-1000.0 -1000.0 -0.09999999999999995 -0.09999999999999995 0.06561000000000021 0.07290000000000017 0.07290000000000017 -1000.0 
-1000.0 -1000.0 0.07290000000000017 -0.10000000000000006 0.07290000000000017 0.08100000000000014 0.07290000000000017 -1000.0 
-1000.0 -1000.0 0.09000000000000012 -0.10000000000000006 0.06561000000000021 0.08100000000000014 0.08100000000000007 -1000.0 
-1000.0 -1000.0 0.08100000000000013 -0.09999999999999995 0.07290000000000017 0.07290000000000017 0.08100000000000007 -1000.0 
-1000.0 -1000.0 -0.09999999999999995 -1000.0 0.09000000000000012 0.08100000000000014 0.0729000000000001 -1000.0 
-1000.0 -1000.0 -0.10000000000000006 0.0729000000000001 0.08100000000000007 0.07290000000000017 0.0729000000000001 -1000.0 
-1000.0 -1000.0 -0.09999999999999995 0.0729000000000001 0.08100000000000014 0.07290000000000017 0.06561000000000014 -1000.0 
-1000.0 -1000.0 -0.10000000000000006 0.06561000000000014 0.07290000000000017 0.07290000000000017 0.06561000000000021 -1000.0 
-1000.0 -1000.0 -0.10000000000000006 0.06561000000000021 0.07290000000000017 0.07290000000000017 0.08100000000000014 -1000.0 
-1000.0 -1000.0 0.0729000000000001 -1000.0 0.08100000000000014 0.08999999999999998 0.08100000000000002 -1000.0 
-1000.0 -1000.0 0.0729000000000001 0.08999999999999998 0.08100000000000007 0.0729000000000001 0.06561000000000021 -1000.0 
-1000.0 -1000.0 0.06561000000000014 0.0729000000000001 0.08100000000000007 0.07290000000000017 0.0729000000000001 -1000.0 
-1000.0 -1000.0 0.06561000000000021 0.07290000000000017 0.0729000000000001 0.06561000000000021 0.0729000000000001 -1000.0 
-1000.0 -1000.0 0.08100000000000014 0.06561000000000021 0.07290000000000017 0.08100000000000014 0.07290000000000017 -1000.0 
-1000.0 -1000.0 0.08999999999999998 -1000.0 0.08100000000000013 0.09000000000000012 0.08999999999999998 -1000.0 
-1000.0 -1000.0 0.0729000000000001 0.08100000000000013 0.06561000000000014 0.07290000000000017 0.07290000000000017 -1000.0 
-1000.0 -1000.0 0.07294294756855958 0.06589017028434614 0.07290905606056897 0.08100000049420335 0.07293590467105578 -1000.0 
-1000.0 -1000.0 0.06572781482707335 0.0729112262268248 0.07293418235229548 0.08100112473146692 0.08100099159705561 -1000.0 
-1000.0 -1000.0 0.08100003012264763 0.07304227935239159 0.07293300319927333 0.07305038798702519 0.08100001987567919 -1000.0 
-1.0 -1.0 -1.0 -1.0 -1.0 -1.0 -1.0 -1.0 
-1000.0 1.209220391983857 -1000.0 -1000.0 -1000.0 -1000.0 -1000.0 -1000.0 
-1000.0 0.08100000000000014 -1000.0 -1000.0 -1000.0 -1000.0 -1000.0 -1000.0 
-1000.0 -0.10000000000000006 -1000.0 -1000.0 -1000.0 -1000.0 -1000.0 -1000.0 
-1000.0 0.09999999999999995 -1000.0 -1000.0 -1000.0 -1000.0 -1000.0 -1000.0 
1.148308517786139 -1000.0 -1000.0 -1000.0 -1000.0 -1000.0 -1000.0 -1000.0 
-0.3913547032610325 -0.8243347778726747 -1000.0 -1000.0 -1000.0 -1000.0 -1000.0 -1000.0 
0.2926903229898176 0.554426611429617 -1000.0 -1000.0 -1000.0 -1000.0 -1000.0 -1000.0 
0.48996298892984946 1.1597240501320376 -1000.0 -1000.0 -1000.0 -1000.0 -1000.0 -1000.0 
1.208672243933564 -0.7426777550344063 -1000.0 -1000.0 -1000.0 -1000.0 -1000.0 -1000.0 
0.08100000000000007 -1000.0 -1000.0 -1000.0 -1000.0 -1000.0 -1000.0 -1000.0 
0.08100000000000007 0.06561000000000021 -1000.0 -1000.0 -1000.0 -1000.0 -1000.0 -1000.0 
0.0729000000000001 0.0729000000000001 -1000.0 -1000.0 -1000.0 -1000.0 -1000.0 -1000.0 
0.06561000000000021 0.07290000000000016 -1000.0 -1000.0 -1000.0 -1000.0 -1000.0 -1000.0 
0.07290000000000017 0.09000000000000012 -1000.0 -1000.0 -1000.0 -1000.0 -1000.0 -1000.0 
-0.10000000000000006 -1000.0 -1000.0 -1000.0 -1000.0 -1000.0 -1000.0 -1000.0 
-0.09999999999999995 0.0729000000000001 -1000.0 -1000.0 -1000.0 -1000.0 -1000.0 -1000.0 
-0.09999999999999995 0.06561000000000021 -1000.0 -1000.0 -1000.0 -1000.0 -1000.0 -1000.0 
-0.10000000000000006 0.07290000000000017 -1000.0 -1000.0 -1000.0 -1000.0 -1000.0 -1000.0 
-0.10000000000000006 0.08100000000000007 -1000.0 -1000.0 -1000.0 -1000.0 -1000.0 -1000.0 
0.10000000000000006 -1000.0 -1000.0 -1000.0 -1000.0 -1000.0 -1000.0 -1000.0 
0.0729000000000001 -0.10000000000000006 -1000.0 -1000.0 -1000.0 -1000.0 -1000.0 -1000.0 
0.09000000000000012 -0.09999999999999995 -1000.0 -1000.0 -1000.0 -1000.0 -1000.0 -1000.0 
0.08100000000000014 -0.09999999999999995 -1000.0 -1000.0 -1000.0 -1000.0 -1000.0 -1000.0 
-0.10000000000000006 -0.10000000000000006 -1000.0 -1000.0 -1000.0 -1000.0 -1000.0 -1000.0 
-1.0 -1.0 -1.0 -1.0 -1.0 -1.0 -1.0 -1.0 
-1000.0 0.2057659248772036 -1000.0 0.9581452821019416 0.3403368195924956 -1000.0 -1000.0 -1000.0 
-1000.0 0.08100000000000007 -1000.0 0.08100000000000007 0.08100000000000014 -1000.0 -1000.0 -1000.0 
-1000.0 0.09000000000000007 -1000.0 0.09000000000000012 -0.09999999999999995 -1000.0 -1000.0 -1000.0 
-1000.0 0.10000000000000006 -1000.0 0.09999999999999995 0.08999999999999993 -1000.0 -1000.0 -1000.0 
1.3788480618616605 -1000.0 -1.0297487352174741 -1000.0 -1.4555148706436933 -1000.0 -1000.0 -1000.0 
0.08100000000000014 0.07290000000000017 0.08100000000000014 0.07290000000000017 0.06561000000000021 -1000.0 -1000.0 -1000.0 
-0.2078718663954169 -1.0585227540627817 -0.4913034043317736 1.1096108353399796 0.17710276813982223 -1000.0 -1000.0 -1000.0 
-0.8373853859443813 0.44708429014917617 -0.7663224390164814 -0.5733993866498591 0.9196011704953176 -1000.0 -1000.0 -1000.0 
-0.038648418072810914 -0.15698804714691575 -0.8677115732374228 0.11984645028718496 -1.0380120041628238 -1000.0 -1000.0 -1000.0 
0.08100000000000014 -1000.0 0.08100000000000014 -1000.0 0.08100000000000014 -1000.0 -1000.0 -1000.0 
0.08100000000000007 0.06561000000000021 0.08100000000000007 0.06561000000000021 0.0729000000000001 -1000.0 -1000.0 -1000.0 
0.07290000000000017 0.07290000000000017 0.07290000000000017 0.07290000000000017 0.07290000000000017 -1000.0 -1000.0 -1000.0 
0.07290000000000017 0.08100000000000014 0.07290000000000017 0.08100000000000014 0.06561000000000021 -1000.0 -1000.0 -1000.0 
0.08100000000000007 0.08999999999999998 0.08100000000000007 0.08999999999999998 0.07290000000000017 -1000.0 -1000.0 -1000.0 
0.09000000000000007 -1000.0 0.09000000000000007 -1000.0 -0.10000000000000006 -1000.0 -1000.0 -1000.0 
0.06561000000000014 0.07290000000000017 0.06561000000000014 0.07290000000000017 -0.10000000000000006 -1000.0 -1000.0 -1000.0 
0.08100000000000007 0.07290000000000017 0.08100000000000007 0.07290000000000017 -0.09999999999999995 -1000.0 -1000.0 -1000.0 
0.07290000000000017 0.08100000000000007 0.07290000000000017 0.08100000000000007 -0.10000000000000006 -1000.0 -1000.0 -1000.0 
-0.08999999999999993 0.08100000000000014 -0.08999999999999993 0.08100000000000014 -0.09999999999999995 -1000.0 -1000.0 -1000.0 
0.10000000000000006 -1000.0 0.10000000000000006 -1000.0 0.09000000000000012 -1000.0 -1000.0 -1000.0 
0.08100000000000007 0.08100000000000007 0.08100000000000007 0.08100000000000007 0.06561000000000014 -1000.0 -1000.0 -1000.0 
0.08999999999999998 0.07290000000000017 0.08999999999999998 0.07290000000000017 0.08100000000000014 -1000.0 -1000.0 -1000.0 
0.08100000000000007 -0.08999999999999998 0.08100000000000007 -0.08999999999999993 0.07290000000000017 -1000.0 -1000.0 -1000.0 
0.09000000000000012 0.09000000000000007 0.09000000000000007 0.09000000000000012 -0.09000000000000012 -1000.0 -1000.0 -1000.0 
-1.0 -1.0 -1.0 -1.0 -1.0 -1.0 -1.0 -1.0 
-1000.0 0.3288401239037081 -1000.0 1.3438559121029048 -1000.0 -0.9549628908492981 -1000.0 -1000.0 
-1000.0 0.08999999999999998 -1000.0 0.08100000000000014 -1000.0 -0.09999999999999995 -1000.0 -1000.0 
-1000.0 0.08100000000000014 -1000.0 0.09999999999999995 -1000.0 -0.09000000000000012 -1000.0 -1000.0 
-1000.0 0.10000000000000006 -1000.0 0.08100000000000014 -1000.0 0.08100000000000013 -1000.0 -1000.0 
0.5739656194763748 -1000.0 -1.9108906704858695 -1000.0 -1000.0 -0.5355247305561629 -1000.0 -1000.0 
0.6816005429258265 0.15721327390950351 1.3963277231057765 0.020070931755041745 -1000.0 0.46086513722628086 -1000.0 -1000.0 
-0.11778465923316207 -0.5598542003713824 1.1087370077446201 -0.4343052124111244 -1000.0 -0.7583117019590365 -1000.0 -1000.0 
-1.015148680368991 -1.207883434978541 -0.46689531412799895 -0.8473655085804448 -1000.0 -0.8439220093738581 -1000.0 -1000.0 
0.36737196989529425 0.2913824354852698 -0.3159145021972882 1.24796784156735 -1000.0 0.4248615133826938 -1000.0 -1000.0 
0.09000000000000012 -1000.0 0.08100000000000014 -1000.0 -1000.0 -0.09999999999999995 -1000.0 -1000.0 
0.08100000000000014 0.07290000000000017 0.06561000000000021 0.08100000000000007 -1000.0 -0.10000000000000006 -1000.0 -1000.0 
0.07290000000000017 0.08100000000000007 0.0729000000000001 0.07290000000000017 -1000.0 -0.10000000000000006 -1000.0 -1000.0 
0.08100000000000014 0.07290000000000017 0.08100000000000014 0.09000000000000012 -1000.0 -0.10000000000000006 -1000.0 -1000.0 
0.07290000000000017 0.09000000000000012 0.06561000000000021 0.08100000000000014 -1000.0 -0.10000000000000006 -1000.0 -1000.0 
0.08100000000000014 -1000.0 0.10000000000000006 -1000.0 -1000.0 -0.09000000000000012 -1000.0 -1000.0 
0.06561000000000021 0.07290000000000017 0.08100000000000014 0.08100000000000014 -1000.0 0.06561000000000014 -1000.0 -1000.0 
0.0729000000000001 0.08100000000000014 0.09000000000000012 0.07290000000000017 -1000.0 0.05904900000000021 -1000.0 -1000.0 
0.08100000000000014 0.07290000000000017 0.08999999999999998 0.09000000000000012 -1000.0 0.06561000000000021 -1000.0 -1000.0 
0.06561000000000021 0.09000000000000012 0.08100000000000014 0.08100000000000014 -1000.0 0.0729000000000001 -1000.0 -1000.0 
0.10000000000000006 -1000.0 0.08100000000000014 -1000.0 -1000.0 0.08100000000000014 -1000.0 -1000.0 
0.08100000000000014 0.0729000000000001 0.07290000000000017 0.08100000000000014 -1000.0 0.06561000000000021 -1000.0 -1000.0 
0.09000000000000012 0.08100000000000014 0.06561000000000021 0.06561000000000021 -1000.0 0.07290000000000017 -1000.0 -1000.0 
0.08999999999999998 0.06561000000000021 0.07290000000000017 0.08100000000000014 -1000.0 0.08100000000000013 -1000.0 -1000.0 
0.08100000000000014 0.08100000000000014 0.07290000000000017 0.06561000000000021 -1000.0 0.06561000000000021 -1000.0 -1000.0 
-1.0 -1.0 -1.0 -1.0 -1.0 -1.0 -1.0 -1.0 
-1000.0 -0.960533168926461 -1000.0 -0.1610126795332072 -0.9143555901297431 -1000.0 -0.2231635333810901 -1000.0 
-1000.0 0.08100000000000014 -1000.0 0.10000000000000006 0.08100000000000014 -1000.0 0.07290000000000017 -1000.0 
-1000.0 0.08100000000000013 -1000.0 0.081 0.09000000000000012 -1000.0 0.08999999999999998 -1000.0 
-1000.0 0.09999999999999995 -1000.0 0.09000000000000012 0.09000000000000012 -1000.0 0.08100000000000014 -1000.0 
-0.07057406490673165 -1000.0 1.1204082458244256 -1000.0 0.39636681760628634 -1000.0 0.7844091361127274 -1000.0 
0.3992399310577292 1.5858103521152904 -1.4767766812340388 0.9315984108618801 -1.7302640700264489 -1000.0 -0.06462990714425992 -1000.0 
0.14821907914690183 -1.2836660504934834 -1.8005368830911341 0.8414691027095743 -1.4483688607154157 -1000.0 -1.142791810761084 -1000.0 
0.7452474554816332 0.9181058664893307 -0.49481730417561764 1.6937674525563764 -0.6193680967624624 -1000.0 1.1863435752826696 -1000.0 
-0.5335669060842363 -1.360939366500032 -0.36314586234978125 -0.3091966493140263 -0.6719361949140721 -1000.0 1.5773779411203772 -1000.0 
0.08100000000000014 -1000.0 0.10000000000000006 -1000.0 0.08100000000000014 -1000.0 0.0729000000000001 -1000.0 
0.08100000000000007 0.08100000000000014 0.081 0.07290000000000017 0.07290000000000017 -1000.0 0.0729000000000001 -1000.0 
0.08100000000000007 0.07290000000000017 0.09000000000000012 0.09000000000000012 0.07290000000000017 -1000.0 0.06561000000000014 -1000.0 
0.0729000000000001 0.07290000000000017 0.08100000000000014 0.08100000000000007 0.07290000000000017 -1000.0 0.0656100000000002 -1000.0 
0.07290000000000017 0.09000000000000012 0.08100000000000013 0.08100000000000014 0.07290000000000017 -1000.0 0.08100000000000014 -1000.0 
0.08100000000000013 -1000.0 0.081 -1000.0 0.08999999999999998 -1000.0 0.08999999999999998 -1000.0 
0.06561000000011216 0.08100000000000007 0.06561000000193667 0.07290000001429509 0.07290000000006722 -1000.0 0.0729000000002253 -1000.0 
0.07290000653372371 0.07290021814080769 0.07290023157149715 0.08100000000000014 0.0729000346106965 -1000.0 0.0729001427308114 -1000.0 
0.07290000000000017 0.07290000000000017 0.06561000000000021 0.08100000000000007 0.06561000000000021 -1000.0 0.06561000000000021 -1000.0 
0.07290000000000013 0.08100000000000014 0.07290000000000017 0.08100000000000007 0.08100000000000014 -1000.0 0.081 -1000.0 
0.09999999999999995 -1000.0 0.09000000000000012 -1000.0 0.09000000000000012 -1000.0 0.08100000000000013 -1000.0 
0.081 0.07290015475353122 0.08100000000000007 0.07290022912190208 0.07290024509749254 -1000.0 0.06561030915098205 -1000.0 
0.09000000000000012 0.07290000000000017 0.08100000000000014 0.08100000000000013 0.08100000000000014 -1000.0 0.07290000000000017 -1000.0 
0.08100000000000014 0.0729000000553813 0.07290000000719003 0.06561001351864791 0.08100000000000007 -1000.0 0.07290000005981367 -1000.0 
0.08100000000000013 0.08100000000000013 0.07290000000000017 0.07290000000000017 0.07290000000000017 -1000.0 0.07290000000000017 -1000.0 
-1.0 -1.0 -1.0 -1.0 -1.0 -1.0 -1.0 -1.0 
-1000.0 -0.6820980360880032 -1000.0 -0.7777799284728248 2.1023271013512623 0.033096803238345344 -1000.0 -0.7692903911570889 
-1000.0 0.081 -1000.0 0.08999999999999998 0.08999999999999998 0.08100000000000013 -1000.0 -0.09999999999999995 
-1000.0 0.08100000000000014 -1000.0 0.08999999999999998 0.08100000000000007 0.08999999999999998 -1000.0 -0.10000000000000006 
-1000.0 0.10000000000000006 -1000.0 0.08099999999999995 0.08999999999999998 0.08100000000000014 -1000.0 -0.09999999999999995 
-0.08102962953934809 -1000.0 -1.486774703950601 -1000.0 -1.2521340424046536 0.4246338390105761 -1000.0 -0.4881345262655306 
-0.3635659478561071 -1.1747184310639875 -0.6220719278287964 0.6186365856912821 0.048535085926016894 -0.10518594626741681 -1000.0 0.4774226281377006 
-2.6933983124896277 0.4340026693152654 0.5305273442100626 0.8800081491549461 0.8630133508549874 -1.98574138024891 -1000.0 0.8272436978438983 
0.42984575233542804 0.72188384452104 -0.4151292551744367 1.139318952280703 0.3180532929126142 0.35120905223176696 -1000.0 3.1385344675291513 
-0.5475185674780764 -0.10005890892545558 -0.15422870917903558 -0.07906801918953814 -0.6978694674990769 0.9562323051974978 -1000.0 -0.14862726539864735 
0.08893478375167455 -1000.0 0.0899751062346874 -1000.0 0.08999999747166798 0.0809648800076667 -1000.0 -0.09995901396082801 
0.0986273834218191 0.07907196102494568 0.09586715893177827 0.09074294990745142 0.08561827413062903 0.09697736654881388 -1000.0 -0.10030177595973758 
0.0941152735734139 0.08658534363781685 0.08414580635947173 0.08382493453529624 0.0919006712108844 0.07940792150031477 -1000.0 -0.10020691571289697 
0.1024191530768262 0.08385287210174827 0.09876804695177777 0.07846146663406764 0.07723412308814329 0.07822940144565385 -1000.0 -0.10026793201847722 
0.1138502234123116 0.08982113945466388 0.10584949669419527 0.06704513396636969 0.09452473126610451 0.07460587582910276 -1000.0 -0.09905489377170018 
-1.441280360300319 -1000.0 0.5599409466385284 -1000.0 0.7996423245771496 1.2085116724203129 -1000.0 0.9207253322932573 
-0.8334634832663864 -0.29411104973088337 -1.2701085225814022 -2.1121156144715685 0.1669288471726843 -0.04781033127514602 -1000.0 0.39697170142157656 
-0.19378465375517556 1.0190157337816927 0.4059194954660438 -1.289866072994431 -0.0035258450780788035 1.1681879739166785 -1000.0 -0.9271768830671119 
-1.499340290700084 -0.3980091535451304 -0.7493446433633348 1.833015258327244 0.13710810855225122 -0.9477474130742772 -1000.0 0.43411494108913484 
-1.3252322422447855 0.9799970578616667 0.5415702843228156 -0.9736995764303443 0.01878533842415063 -0.5049300774022188 -1000.0 -0.5662277154984267 
0.09999999999999995 -1000.0 0.08100009072600067 -1000.0 0.08999999999999998 0.08100000000000007 -1000.0 -0.10000000000000006 
0.08999999999999993 0.072984659804389 0.09300702680394016 0.08100000000000009 0.07290544373226546 0.07296807608088815 -1000.0 -0.10000000000000006 
0.08999999999999993 0.07291066252896158 0.09156253035127483 0.07290012594472947 0.08100082482255862 0.07292848952647872 -1000.0 -0.09999999999999995 
0.081 0.07290650878499663 0.09529385352196412 0.0729000367591441 0.0729000004902227 0.08100009141173511 -1000.0 -0.09999999999999995 
0.08100000000000014 0.08100000000000014 0.10543567695800024 0.07290795223107183 0.07290000930237309 0.07294970400275336 -1000.0 -0.09999999999999995 
-1.0 -1.0 -1.0 -1.0 -1.0 -1.0 -1.0 -1.0 
-1000.0 -0.09999999999999995 -1000.0 -1000.0 0.08100000000000007 -1000.0 -1000.0 -1000.0 
-1000.0 -2.252746211644027 -1000.0 -1000.0 -0.5042958395659701 -1000.0 -1000.0 -1000.0 
-1000.0 0.09999999999999995 -1000.0 -1000.0 0.08100000000000007 -1000.0 -1000.0 -1000.0 
-1000.0 0.07290000000000017 -1000.0 -1000.0 0.09000000000000007 -1000.0 -1000.0 -1000.0 
-0.10000000000000006 -1000.0 -1000.0 -1000.0 0.08100000000000007 -1000.0 -1000.0 -1000.0 
-0.10000000000000006 0.07290000000000016 -1000.0 -1000.0 0.07290000000000017 -1000.0 -1000.0 -1000.0 
-0.10000000000000006 0.07290000000000017 -1000.0 -1000.0 0.07290000000000017 -1000.0 -1000.0 -1000.0 
-0.09999999999999995 0.07290000000000017 -1000.0 -1000.0 0.07290000000000017 -1000.0 -1000.0 -1000.0 
-0.10000000000000006 0.06561000000000021 -1000.0 -1000.0 0.0729000000000001 -1000.0 -1000.0 -1000.0 
0.3062293010041424 -1000.0 -1000.0 -1000.0 -0.14758260769264975 -1000.0 -1000.0 -1000.0 
-0.22742772477326634 -0.972603216680215 -1000.0 -1000.0 0.19966552318575914 -1000.0 -1000.0 -1000.0 
0.7386334974267174 -0.6063035102724216 -1000.0 -1000.0 1.1615131808464108 -1000.0 -1000.0 -1000.0 
-1.162485688941485 0.5154831461244972 -1000.0 -1000.0 -1.1663109067877382 -1000.0 -1000.0 -1000.0 
0.009112908548028344 0.5860001896201031 -1000.0 -1000.0 1.260358307251173 -1000.0 -1000.0 -1000.0 
0.09999999999999995 -1000.0 -1000.0 -1000.0 0.08100000000000014 -1000.0 -1000.0 -1000.0 
0.07290000000000017 -0.09999999999999995 -1000.0 -1000.0 0.08100000000000007 -1000.0 -1000.0 -1000.0 
0.08100000000000014 -0.10000000000000006 -1000.0 -1000.0 0.07290000000000017 -1000.0 -1000.0 -1000.0 
-0.09999999999999995 -0.09999999999999995 -1000.0 -1000.0 0.07290000000000017 -1000.0 -1000.0 -1000.0 
0.08999999999999993 -0.09999999999999995 -1000.0 -1000.0 0.08100000000000007 -1000.0 -1000.0 -1000.0 
0.07290000000000017 -1000.0 -1000.0 -1000.0 0.09000000000000012 -1000.0 -1000.0 -1000.0 
0.06561000000000021 0.07290000000000017 -1000.0 -1000.0 0.06561000000000014 -1000.0 -1000.0 -1000.0 
0.08100000000000014 -0.09000000000000012 -1000.0 -1000.0 0.08100000000000007 -1000.0 -1000.0 -1000.0 
0.07290000000000016 0.09000000000000007 -1000.0 -1000.0 0.07290000000000017 -1000.0 -1000.0 -1000.0 
0.07290000000000017 0.06561000000000014 -1000.0 -1000.0 -0.08999999999999993 -1000.0 -1000.0 -1000.0 
-1.0 -1.0 -1.0 -1.0 -1.0 -1.0 -1.0 -1.0 
-1000.0 -0.08999999999999993 -1000.0 0.08100000000000007 -1000.0 0.08999999999999998 -1000.0 -1000.0 
-1000.0 -0.07220338594533483 -1000.0 0.8768191244081518 -1000.0 -0.15940320473715489 -1000.0 -1000.0 
-1000.0 0.09999999999999995 -1000.0 0.09000000000000007 -1000.0 -0.08999999999999998 -1000.0 -1000.0 
-1000.0 0.08100000000000014 -1000.0 0.10000000000000006 -1000.0 0.08100000000000014 -1000.0 -1000.0 
-0.09000000000000007 -1000.0 0.08100000000000014 -1000.0 -1000.0 0.08999999999999998 -1000.0 -1000.0 
0.06561000000000014 0.07290000000000017 0.07290000000000017 0.08100000000000014 -1000.0 0.06561000000000021 -1000.0 -1000.0 
0.05904900000000021 0.08100000000000014 0.07290000000000017 0.07290000000000017 -1000.0 0.07290000000000017 -1000.0 -1000.0 
0.06561000000000021 0.08100000000000007 0.0729000000000001 0.08100000000000014 -1000.0 0.08100000000000014 -1000.0 -1000.0 
0.0729000000000001 0.0729000000000001 0.07290000000000016 0.08100000000000007 -1000.0 0.07290000000000016 -1000.0 -1000.0 
0.031504184918299837 -1000.0 0.3700273946823876 -1000.0 -1000.0 -1.3262015377786134 -1000.0 -1000.0 
-0.879555421744478 0.5236657771815987 0.44549220666557293 0.6592305643886385 -1000.0 0.6714848633188524 -1000.0 -1000.0 
1.2327859770488894 -0.2221564161085429 0.6796449311225695 0.6287700537597449 -1000.0 -0.558272089657864 -1000.0 -1000.0 
0.3689486766441006 -1.5490647727191997 0.2741701994489535 0.6285893612411776 -1000.0 -0.04100306538531632 -1000.0 -1000.0 
-1.2818089023811379 -0.8383863026937793 -1.302352184220738 0.8123232299473753 -1000.0 -1.1164503686359453 -1000.0 -1000.0 
0.09999999999999995 -1000.0 0.09000000000000012 -1000.0 -1000.0 -0.09000000000000007 -1000.0 -1000.0 
0.08100000000000014 0.06561000000000021 0.0729000000000001 0.05904900000000021 -1000.0 0.06561000000000014 -1000.0 -1000.0 
0.08100000000000007 0.0729000000000001 0.08100000000000007 0.06561000000000021 -1000.0 0.05904900000000021 -1000.0 -1000.0 
-0.08999999999999993 -0.09000000000000007 0.0729000000000001 0.0729000000000001 -1000.0 0.06561000000000021 -1000.0 -1000.0 
0.09000000000000007 0.06561000000000014 0.08100000000000014 -0.09000000000000012 -1000.0 0.0729000000000001 -1000.0 -1000.0 
0.08100000000000007 -1000.0 0.09999999999999995 -1000.0 -1000.0 0.08100000000000014 -1000.0 -1000.0 
0.0729000000000001 0.0729000000000001 0.08100000000000014 0.08100000000000007 -1000.0 0.06561000000000021 -1000.0 -1000.0 
0.08100000000000014 0.08100000000000009 0.08100000000000007 0.0729000000000001 -1000.0 0.0729000000000001 -1000.0 -1000.0 
0.07290000000000017 0.09000000000000012 -0.08999999999999993 0.08100000000000014 -1000.0 0.08100000000000014 -1000.0 -1000.0 
0.08100000000000014 0.0729000000000001 0.09000000000000012 0.09000000000000012 -1000.0 0.06561000000000021 -1000.0 -1000.0 
-1.0 -1.0 -1.0 -1.0 -1.0 -1.0 -1.0 -1.0 
-1000.0 0.09000000000000012 -1000.0 0.09000000000000012 0.09000000000000012 -0.10000000000000006 -1000.0 -1000.0 
-1000.0 -2.0058501457431213 -1000.0 1.0311416734399197 1.2168483199749873 -0.1901660713946401 -1000.0 -1000.0 
-1000.0 0.10000000000000006 -1000.0 0.10000000000000006 0.08100000000000009 0.08999999999999998 -1000.0 -1000.0 
-1000.0 0.08100000000000007 -1000.0 0.08100000000000007 0.09000000000000012 0.08100000000000014 -1000.0 -1000.0 
0.08999999999999998 -1000.0 0.08999999999999998 -1000.0 0.09000000000000012 -0.09999999999999995 -1000.0 -1000.0 
0.0729000000000001 0.08100000000000014 0.0729000000000001 0.08100000000000014 0.07290000000000017 -0.09999999999999995 -1000.0 -1000.0 
0.07290000000000017 0.07290000000000017 0.07290000000000017 0.07290000000000017 0.07290000000000017 -0.09999999999999995 -1000.0 -1000.0 
0.06561000000000021 0.08100000000000014 0.06561000000000021 0.08100000000000014 0.08100000000000007 -0.10000000000000006 -1000.0 -1000.0 
0.08100000000000014 0.07290000000000017 0.08100000000000014 0.07290000000000017 0.08100000000000007 -0.10000000000000006 -1000.0 -1000.0 
-1.0078222572000073 -1000.0 0.6560115365089815 -1000.0 0.04748091072002867 -0.19509691437143942 -1000.0 -1000.0 
4.241673593184856E-4 0.9914210244361505 -0.9939565145775324 0.10565151573431535 0.042061169552877364 0.14584889117324334 -1000.0 -1000.0 
0.929584731073598 0.5366591559286931 -0.03826028583513153 -1.5644203509908805 -1.409527581304263 -1.2738845840778463 -1000.0 -1000.0 
0.24577676319959624 -0.4080176114153248 0.991506054957062 -1.1127366941861032 -0.5508863860126743 -1.2799368234226773 -1000.0 -1000.0 
-0.33890261587869186 0.28122995580014126 -0.14919640598210251 -0.4726754600313259 -0.8702178088017981 -0.42951782235184083 -1000.0 -1000.0 
0.09999999999999995 -1000.0 0.10000000000000006 -1000.0 0.08100000000000013 0.08999999999999998 -1000.0 -1000.0 
0.08100000000000007 0.06561000000000021 0.08100000000000007 0.06561000000000021 0.06561000000000021 0.0729000000000001 -1000.0 -1000.0 
0.08100000000000014 0.08100000000000014 0.08100000000000014 0.08100000000000014 0.0729000000000001 0.07290000000000017 -1000.0 -1000.0 
0.09000000000000012 0.08999999999999998 0.09000000000000012 0.08999999999999998 0.0729000000000001 0.06561000000000021 -1000.0 -1000.0 
0.09000000000000012 0.0729000000000001 0.09000000000000012 0.0729000000000001 0.07290000000000017 0.081 -1000.0 -1000.0 
0.08100000000000014 -1000.0 0.08100000000000014 -1000.0 0.08999999999999998 0.08100000000000013 -1000.0 -1000.0 
0.07290000000000017 0.08100000000000007 0.07290000000000017 0.08100000000000007 0.07290000000000017 0.06561000000000014 -1000.0 -1000.0 
0.08100000000000014 0.07290000000000017 0.08100000000000014 0.07290000000000017 0.07290000000000017 0.07290000000000017 -1000.0 -1000.0 
0.08100000000000014 0.09000000000000012 0.08100000000000014 0.09000000000000012 0.08100000000000014 0.07290000000000017 -1000.0 -1000.0 
0.07290000000000017 0.07290000000000017 0.07290000000000017 0.07290000000000017 0.08100000000000014 0.07290000000000017 -1000.0 -1000.0 
-1.0 -1.0 -1.0 -1.0 -1.0 -1.0 -1.0 -1.0 
-1000.0 0.08100000000000007 -1000.0 0.08999999999999993 -1000.0 0.08100000000000007 -0.09999999999999995 -1000.0 
-1000.0 0.21948145805162023 -1000.0 -1.2984353397596662 -1000.0 0.5368376804228908 0.04606642300660026 -1000.0 
-1000.0 0.09999999999999995 -1000.0 0.0729000000000001 -1000.0 0.08999999999999998 -0.09999999999999995 -1000.0 
-1000.0 0.0729000000000001 -1000.0 0.08999999999999998 -1000.0 0.08999999999999998 -0.09999999999999995 -1000.0 
0.08100000000000014 -1000.0 0.08999999999999993 -1000.0 -1000.0 0.08100000000000014 -0.10000000000000006 -1000.0 
0.07290000000000017 0.0729000000000001 0.0729000000000001 0.07290000000000017 -1000.0 0.0729000000000001 -0.09999999999999995 -1000.0 
0.06561000000000021 0.07290000000000017 0.08100000000000014 0.07290000000000017 -1000.0 0.05904900000000021 -0.09999999999999995 -1000.0 
0.07290000000000017 0.07290000000000017 0.07290000000000017 0.06561000000007634 -1000.0 0.0656100000000147 -0.09999999999999995 -1000.0 
0.06561000000000021 0.06561000000000021 0.07290000000000016 0.08100000000000014 -1000.0 0.06561000000000021 -0.09999999999999995 -1000.0 
0.4121759645130818 -1000.0 0.8260237800521318 -1000.0 -1000.0 1.3332650388610239 -0.32449474163256264 -1000.0 
1.7740089949366382 0.0047839869779480555 -0.45420268981156536 -0.5539121315593264 -1000.0 0.07133828437573457 -0.7895799233153641 -1000.0 
-0.5054297873395075 -2.2613357402081817 1.3178496516323344 0.5051702974505723 -1000.0 -0.048158855693391504 -1.9207386279301035 -1000.0 
-0.12158481501410004 0.7387393690061105 -2.007541427020084 0.5788811921199564 -1000.0 -0.17935834712441642 0.687221981156024 -1000.0 
-0.08789134874589959 -0.029756495525250885 -1.5428224596467575 0.05922306274045561 -1000.0 -1.2387886405182236 0.8986467597704514 -1000.0 
0.09999999999999995 -1000.0 0.07290000000000017 -1000.0 -1000.0 0.08999999999999993 -0.09999999999999995 -1000.0 
0.0729000000000001 0.07290000000000017 0.06561000000000021 0.06561000000000021 -1000.0 0.07290000000000017 -0.10000000000000006 -1000.0 
0.08999999999999998 0.06561000000000021 0.08100000000000014 0.08100000000000014 -1000.0 0.0729000000000001 -0.09999999999999995 -1000.0 
0.08100000000000007 0.08100000000000014 0.0729000000000001 0.07290000000000017 -1000.0 0.06561000000000014 -0.09999999999999995 -1000.0 
0.08999999999999998 0.07290000000000017 0.07290000000000017 0.06561000000000021 -1000.0 0.08100000000000013 -0.09999999999999995 -1000.0 
0.07290000000000017 -1000.0 0.09000000000000012 -1000.0 -1000.0 0.09000000000000012 -0.10000000000000006 -1000.0 
0.06561000000000021 0.07290000000000017 0.08100000000000014 0.07290000000000016 -1000.0 0.08100000000000014 -0.10000000000000006 -1000.0 
0.08100000000000014 0.07290000000000016 0.08100000000000014 0.08999999999999998 -1000.0 0.08100000000000007 -0.10000000000000006 -1000.0 
0.0729000599740954 0.08999999999999998 0.08100004066154054 0.07290035841176414 -1000.0 0.0729000270808196 -0.09999999999999995 -1000.0 
0.07290000000000017 0.0729000000000001 0.07290000000000017 0.08100000000000014 -1000.0 0.08100000000000014 -0.09999999999999995 -1000.0 
-1.0 -1.0 -1.0 -1.0 -1.0 -1.0 -1.0 -1.0 
-1000.0 0.08100000000000014 -1000.0 0.09999999999999995 0.08999999999999998 -1000.0 0.0729000000000001 0.0729000000000001 
-1000.0 0.18104624236206546 -1000.0 -0.22982379492812274 0.08999706505006268 -1000.0 -0.7447158981088007 -1.9526030712614522 
-1000.0 0.10000000000000006 -1000.0 0.08100000000000014 0.08100000000000014 -1000.0 0.08100000000000009 0.08100000000000014 
-1000.0 0.08999999999999998 -1000.0 0.08100000000000014 0.08099999999999996 -1000.0 -0.10000000000000006 -0.09999999999999995 
0.08100000000000007 -1000.0 0.10000000000000006 -1000.0 0.09000000000000012 -1000.0 0.0729000000000001 0.0729000000000001 
0.08100000000000007 0.07290005072307229 0.08999999999999993 0.08999999999999998 0.06561000000000028 -1000.0 0.06561000000000021 0.06561000000000021 
0.0729000000000001 0.07290000000000017 0.08100000000000014 0.08100000000000014 0.08100000000000014 -1000.0 0.06561000000000021 0.06561000000000021 
0.06561000000000021 0.08999999999999998 0.08100000000000014 0.08100000000010414 0.081 -1000.0 0.06561000000000021 0.06561000000000021 
0.07290000000000017 0.08100000000000014 0.09000000000000012 0.0729000000000001 0.0729000000000001 -1000.0 0.06561000000000014 0.06561000000000014 
1.2780120367406704 -1000.0 0.6427623671049595 -1000.0 -0.4988879643388635 -1000.0 0.7598274038839362 0.20822687193420436 
0.2521192150830021 1.4654941161927626 0.05367653420591896 0.9307666788574153 1.4524032067186123 -1000.0 1.7989418617616812 3.0817916259244154 
1.0059457918167998 -0.20532263616498755 0.06954177673025431 1.8247750434699572 -0.03805290140046531 -1000.0 -1.1604390973033314 -0.8295922319117777 
-0.2913120763087909 2.2107694843201995 1.8221103611453577 -0.6896803356518807 -0.6984418668568614 -1000.0 -1.7723362235776543 -1.0668632467272252 
-0.5990781955564969 0.34078795432783326 1.4331839728979936 0.904263598001123 0.7927349298801369 -1000.0 0.5355282044744762 0.2867114767016636 
0.09984568765043517 -1000.0 0.09999122767690014 -1000.0 0.08082259412243206 -1000.0 0.08087637569727207 0.08126372292869424 
0.09519531085822039 0.07590608325708173 0.10281641137510972 0.08075962980784218 0.08208132259864345 -1000.0 0.08919675883910283 0.09883681700902747 
0.08080207225281284 0.07503254788781191 0.10662550341660773 0.08358233624056821 0.0735962287746924 -1000.0 0.07333325531953783 0.07409204016675996 
0.08082019322948995 0.08100311576691344 0.11665986870811336 0.0742196430978539 0.07462224744992865 -1000.0 0.0678416620278287 0.06793871611392718 
0.878340987817549 -0.12178125402460499 -1.4074609605009116 0.7518551775485887 1.8372980014521694 -1000.0 1.376472433929613 -0.6238514580387693 
0.08999999999999998 -1000.0 0.08100000000000007 -1000.0 0.08100000000000014 -1000.0 -0.09999999999999995 -0.09999999999999995 
0.08155583540600461 0.08788316360266785 0.08100000000000146 0.08999999999999998 0.07290000000034588 -1000.0 -0.09999999999999995 -0.09999999999999995 
0.08486669135498562 0.09652229367605294 0.0729000000000001 0.08768049149810885 0.08100000000000007 -1000.0 -0.10000000000000006 -0.09999999999999995 
0.07291925363204377 0.08999999999999998 0.0656100000000034 0.08362576863846655 0.08100000000000024 -1000.0 -0.09999999999999995 -0.09999999999999995 
0.07505721606245085 0.08644736879103146 0.07290000000106982 0.08700461608998537 0.07290000000457486 -1000.0 -0.09999999999999995 -0.10000000000000006 
-1.0 -1.0 -1.0 -1.0 -1.0 -1.0 -1.0 -1.0 
-1000.0 0.08100000000000013 -1000.0 -1000.0 0.08100000000000014 0.08100000000000014 -1000.0 -1000.0 
-1000.0 0.10000000000000006 -1000.0 -1000.0 0.08100000000000007 0.09000000000000012 -1000.0 -1000.0 
-1000.0 -1.2925035380788354 -1000.0 -1000.0 1.577362988074693 1.5842612449642528 -1000.0 -1000.0 
-1000.0 -0.09999999999999995 -1000.0 -1000.0 0.09000000000000012 0.08100000000000014 -1000.0 -1000.0 
0.08100000000000014 -1000.0 -1000.0 -1000.0 0.08100000000000007 0.08100000000000014 -1000.0 -1000.0 
0.06561000000000021 0.07290000000000017 -1000.0 -1000.0 0.0729000000000001 0.07290000000000017 -1000.0 -1000.0 
0.07290000000000017 0.09000000000000012 -1000.0 -1000.0 0.08100000000000014 0.06561000000000021 -1000.0 -1000.0 
0.08100000000000013 0.06561000190835833 -1000.0 -1000.0 0.07290000000000017 0.07290000000000017 -1000.0 -1000.0 
0.06561000000000021 0.07290000000000017 -1000.0 -1000.0 0.08100000000000014 0.07290000000000017 -1000.0 -1000.0 
0.10000000000000006 -1000.0 -1000.0 -1000.0 0.08100000000000014 0.09000000000000012 -1000.0 -1000.0 
0.09000000000000012 -0.09999999999999995 -1000.0 -1000.0 0.07290000000000017 0.08100000000000014 -1000.0 -1000.0 
-0.09999999999999995 -0.09999999999999995 -1000.0 -1000.0 0.07290000000000017 0.07290000000000017 -1000.0 -1000.0 
-0.09000000000000012 -0.10000000000000006 -1000.0 -1000.0 0.0729000000000001 0.08100000000000007 -1000.0 -1000.0 
0.08100000000000013 -0.10000000000000006 -1000.0 -1000.0 0.07290000000000016 0.07290000000000017 -1000.0 -1000.0 
0.730505418964639 -1000.0 -1000.0 -1000.0 -0.12003892144105928 -0.9628156789114659 -1000.0 -1000.0 
0.7097211822602472 1.3127002491980106 -1000.0 -1000.0 3.653074522806652 2.1273629053117866 -1000.0 -1000.0 
-0.2617101193867973 1.2335815440217 -1000.0 -1000.0 -0.2558854341184009 -0.2609419509300224 -1000.0 -1000.0 
2.033440134320852 -1.872372425743158 -1000.0 -1000.0 0.5347313845422343 0.17630937959549742 -1000.0 -1000.0 
-0.4525846262106009 0.4670596994850273 -1000.0 -1000.0 0.210426296064785 -0.08896662997433949 -1000.0 -1000.0 
-0.09999999999999995 -1000.0 -1000.0 -1000.0 0.09000000000000007 0.08100000000000014 -1000.0 -1000.0 
-0.09999999999999995 0.06561012035555473 -1000.0 -1000.0 0.0729000000000001 0.06561000085151862 -1000.0 -1000.0 
-0.09999999999999995 0.08100000000000014 -1000.0 -1000.0 0.08100000000000007 0.0729000000000001 -1000.0 -1000.0 
-0.10000000000000006 0.06561000000000021 -1000.0 -1000.0 0.0729000000000001 0.08100000000000014 -1000.0 -1000.0 
-0.09999999999999995 0.07290000000000017 -1000.0 -1000.0 0.08100000000000014 0.06561000000000021 -1000.0 -1000.0 
-1.0 -1.0 -1.0 -1.0 -1.0 -1.0 -1.0 -1.0 
-1000.0 0.09000000000000012 -1000.0 0.07290000000000017 0.08100000000000007 -1000.0 -0.09999999999999995 -1000.0 
-1000.0 0.09999999999999995 -1000.0 0.08100000000000014 0.08100000000000014 -1000.0 0.07290000000000017 -1000.0 
-1000.0 0.5023349206873793 -1000.0 0.06606527722372246 -2.0096398891949194 -1000.0 -0.7274222197604717 -1000.0 
-1000.0 0.07290000000000017 -1000.0 0.09999999999999995 0.09000000000000012 -1000.0 0.08100000000000013 -1000.0 
0.08999999999999998 -1000.0 0.0729000000000001 -1000.0 0.08100000000000014 -1000.0 -0.09999999999999995 -1000.0 
0.07290000000000017 0.08100000000000007 0.0729000000000001 0.07290000000000017 0.07290000000000017 -1000.0 -0.09999999999999995 -1000.0 
0.07290000000000017 0.09000000000000012 0.06561000000000014 0.08100000000000007 0.08100000000000014 -1000.0 -0.09999999999999995 -1000.0 
0.08100000000000014 0.07290000000000017 0.06561000000000021 0.08100000000000007 0.08100000000000014 -1000.0 -0.09999999999999995 -1000.0 
0.08100000000000014 0.07290000000000017 0.08100000000000014 0.09000000000000012 0.07290000000000017 -1000.0 -0.09999999999999995 -1000.0 
0.09999999999999995 -1000.0 0.08100000000000002 -1000.0 0.08100000000000014 -1000.0 0.0729000000000001 -1000.0 
0.09000000000000012 0.08100000000000014 0.06561000000000021 0.06561000000000014 0.07290000000000017 -1000.0 0.0729000000000001 -1000.0 
0.07290000000000017 0.0729000000000001 0.0729000000000001 0.06561000000000021 0.07290000000000017 -1000.0 0.06561000000000014 -1000.0 
0.08100000000000014 0.0729000000000001 0.0729000000000001 0.08100000000000014 0.07290000000000017 -1000.0 0.06561000000000021 -1000.0 
0.09000000000000012 0.06561000000000014 0.07290000000000017 0.0729000000000001 0.07290000000000017 -1000.0 0.08100000000000014 -1000.0 
0.5742522092352986 -1000.0 0.47730479827819794 -1000.0 0.004535180530327548 -1000.0 0.24486986471484057 -1000.0 
-0.21353430517385827 0.9617547685560546 0.5141562889561014 -1.3553938981012765 -1.0161749772684379 -1000.0 -0.12012558723598386 -1000.0 
0.06327453711154535 -1.4586925551669498 -0.29708198333300684 1.057757390892967 -1.5010270117648896 -1000.0 -0.6417948433954055 -1000.0 
0.38092808240306464 0.05737368164167412 0.7982286509923581 -0.12598520234000385 0.1130963998591695 -1000.0 -0.8546774854271872 -1000.0 
-0.7192595271077519 0.14852013698991487 1.779759686489372 0.07414319723396219 0.7320177898630822 -1000.0 0.5569274897160413 -1000.0 
0.0729000000000001 -1000.0 0.10000000000000006 -1000.0 0.09000000000000012 -1000.0 0.08100000000000013 -1000.0 
0.0729000000000001 0.08100000000000014 0.09000000000000012 0.07290000000000017 0.07290000000000017 -1000.0 0.06561000000000014 -1000.0 
0.06561000000000014 0.08999999999999998 0.07290000000000017 0.08100000000000014 0.08100000000000014 -1000.0 0.07290000000000017 -1000.0 
0.06561000000000021 0.07290000000000017 0.08100000000000014 0.08100000000000014 0.08100000000000007 -1000.0 0.07290000000000017 -1000.0 
0.08100000000000014 0.07290000000000017 0.09000000000000012 0.08999999999999998 0.07290000000000017 -1000.0 0.07290000000000013 -1000.0 
-1.0 -1.0 -1.0 -1.0 -1.0 -1.0 -1.0 -1.0 
-1000.0 0.08100000000000014 -1000.0 0.08999999999999998 -1000.0 0.08999999999999998 -0.10000000000000006 -1000.0 
-1000.0 0.10000000000000006 -1000.0 0.08100000000000014 -1000.0 0.08999999999999998 -0.10000000000000006 -1000.0 
-1000.0 1.0335230558458113 -1000.0 -0.2594773547900397 -1000.0 0.36430504587821944 0.9370201744366006 -1000.0 
-1000.0 0.08100000000000013 -1000.0 0.09000000000000012 -1000.0 0.08100000000000014 -0.10000000000000006 -1000.0 
0.08100000000000007 -1000.0 0.09000000000000012 -1000.0 -1000.0 0.09000000000000012 -0.09999999999999995 -1000.0 
0.0729000000000001 0.07290000000000017 0.07290000000000017 0.08100000000000014 -1000.0 0.08100000000000007 -0.10000000000000006 -1000.0 
0.07290000000000017 0.09000000000000012 0.08100000000000014 0.07290000000000017 -1000.0 0.07290000000000017 -0.09999999999999995 -1000.0 
0.08100000000000014 0.06561000000000014 0.08100000000000014 0.09000000000000012 -1000.0 0.08100000000000007 -0.09999999999999995 -1000.0 
0.07290000000000017 0.07290000000000017 0.08100000000000014 0.06561000000000014 -1000.0 0.08100000000000014 -0.09999999999999995 -1000.0 
0.10000000000000006 -1000.0 0.08100000000000007 -1000.0 -1000.0 0.08999999999999998 -0.10000000000000006 -1000.0 
0.09000000000000012 0.07290000000000017 0.0729000000000001 0.07290000000000017 -1000.0 0.08100000000000014 -0.10000000000000006 -1000.0 
0.08100000000000013 0.08100000000000014 0.07290000000000017 0.07290000000000017 -1000.0 0.07290000000000017 -0.09999999999999995 -1000.0 
0.08999999999999998 0.07290000000000017 0.08100000000000014 0.08100000000000014 -1000.0 0.07290000000000017 -0.10000000000000006 -1000.0 
0.08100000000000014 0.0729000000000001 0.07290000000000017 0.07290000000000017 -1000.0 0.07290000000000017 -0.09999999999999995 -1000.0 
0.5582584721823461 -1000.0 -0.6695553528861398 -1000.0 -1000.0 -0.5718644403986697 0.47678031523520414 -1000.0 
-1.8605628028479169 -0.3522834431007932 -0.17548806455400173 -0.2558711813655806 -1000.0 -0.07544803886971235 1.3916587193412067 -1000.0 
1.6078194895249138 -1.4343134174688548 -0.7152000255068471 -0.36468234237629576 -1000.0 0.7206135099587904 0.1572257491821502 -1000.0 
1.0520506747917597 1.0190847198518616 1.302665570807812 0.367947067512347 -1000.0 0.17019315626423523 -0.7143922653197717 -1000.0 
0.12278651043181034 1.799692990578078 -0.42240612704634345 -1.0822272788091645 -1000.0 0.4828829735085054 1.263475339207957 -1000.0 
0.08100000000000014 -1000.0 0.09000000000000012 -1000.0 -1000.0 0.08100000000000014 -0.09999999999999995 -1000.0 
0.07290000000000017 0.07290000000000017 0.06561000000000014 0.08100000000000014 -1000.0 0.07290000000000016 -0.10000000000000006 -1000.0 
0.07290000000108196 0.08100000000000007 0.07290000032351962 0.07290009393911825 -1000.0 0.0729000109116584 -0.09999999999999995 -1000.0 
0.0729000185565725 0.07301261090561345 0.08100000000000014 0.08100000000000007 -1000.0 0.07290669988524359 -0.09999999999999995 -1000.0 
0.07290001065311061 0.07290003903856866 0.07290003736975696 0.07290003186708405 -1000.0 0.07290003692961997 -0.09999999999999995 -1000.0 
-1.0 -1.0 -1.0 -1.0 -1.0 -1.0 -1.0 -1.0 
-1000.0 0.08100000000000007 -1000.0 0.08100000000000007 0.0729000000000001 0.0729000000000001 0.0729000000000001 -1000.0 
-1000.0 0.09999999999999995 -1000.0 0.10000000000000006 0.08100000000000007 0.08999999999999998 0.09000000000000012 -1000.0 
-1000.0 0.6071437703464612 -1000.0 -0.7213029998042203 0.5929396306742752 -0.7589345907837671 0.17069878231085078 -1000.0 
-1000.0 0.08999999999999998 -1000.0 0.08999999999999998 0.08100000000000014 -0.10000000000000006 -0.09999999999999995 -1000.0 
0.08100000000000014 -1000.0 0.08100000000000014 -1000.0 0.0729000000000001 0.0729000000000001 0.0729000000000001 -1000.0 
0.07290000000000017 0.0729000000000001 0.07290000000000017 0.0729000000000001 0.06561000000000021 0.06561000000000021 0.06561000000000021 -1000.0 
0.08100000000000007 0.09000000000000012 0.08100000000000007 0.09000000000000012 0.06561000000000021 0.06561000000000021 0.06561000000000021 -1000.0 
0.08100000000000007 0.06561014550969846 0.08100000000000007 0.06561000269679335 0.06561003507799734 0.06561008279079922 0.06561002118855376 -1000.0 
0.07290000000000017 0.08100000000000014 0.07290000000000017 0.08100000000000014 0.06561000000000014 0.06561000000000014 0.06561000000000014 -1000.0 
0.09999999999999995 -1000.0 0.10000000000000006 -1000.0 0.08100000000000014 0.09000000000000012 0.09000000000000012 -1000.0 
0.08999999999999998 0.07290000000000017 0.08999999999999998 0.07290000000000017 0.07290000000000017 0.08100000000000007 0.08100000000000014 -1000.0 
0.08999999999999998 0.09000000000000012 0.08999999999999998 0.09000000000000012 0.0729000000000001 0.06561000000000021 0.06561000000000021 -1000.0 
0.08100000000000014 0.08100000000000007 0.08100000000000014 0.08100000000000007 0.08100000000000014 0.0729000000000001 0.0729000000000001 -1000.0 
0.08100000000000007 0.06561000000000021 0.08100000000000007 0.06561000000000021 0.08100000000000014 0.07290000000000017 0.07290000000000016 -1000.0 
-0.5004668130022757 -1000.0 1.066988166626185 -1000.0 -1.0442091927733839 0.5531238361501398 -0.25283433705511366 -1000.0 
0.689799813734765 0.35425845398311623 0.3513140800815236 -0.8477326627293882 0.436008170757597 0.07767064701637631 -0.6325907002307276 -1000.0 
0.9585948460983664 -0.5446181551186691 2.018557106503061 0.07095643533976498 1.1150826972368 -0.7682763222594111 0.038840007828537935 -1000.0 
-0.7412097146200143 2.0020680628559737 0.7433199655215924 1.5740087693411815 -1.0575658016733658 2.0361155472272197 -1.0134520778947735 -1000.0 
-5.622198592312185E-4 0.45922302167135665 0.5250126434703033 0.4811690033646434 0.25022782662155607 -0.5170506708796612 -0.13301935932168632 -1000.0 
0.09000000000000012 -1000.0 0.09000000000000012 -1000.0 0.08100000000000014 -0.09999999999999995 -0.10000000000000006 -1000.0 
0.08100000000000007 0.07290002871387727 0.08100000000000007 0.0729000010860693 0.07290003955857288 -0.09999999999999995 -0.09999999999999995 -1000.0 
0.06561000000000204 0.08100000000000014 0.06561000000000021 0.08100000000000014 0.07290000000000024 -0.10000000000000006 -0.10000000000000006 -1000.0 
0.07292344558075499 0.07292375836215349 0.07291902178717773 0.07290460469117835 0.07291621022764525 -0.10000000000000006 -0.10000000000000006 -1000.0 
0.07290335634236923 0.08100000000002236 0.07290410987739115 0.08100000000001881 0.06562675971211593 -0.09999999999999995 -0.10000000000000006 -1000.0 
-1.0 -1.0 -1.0 -1.0 -1.0 -1.0 -1.0 -1.0 
-1000.0 0.08100000000000007 -1000.0 0.09999999999999995 -1000.0 0.07290000000000017 0.08100000000000007 0.07290000000000017 
-1000.0 0.09999999999999995 -1000.0 0.09000000000000012 -1000.0 0.08100000000000014 0.08999999999999998 0.08100000000000014 
-1000.0 -0.14457554311251544 -1000.0 0.9892078051463848 -1000.0 -1.0935009675501444 0.11353443056570864 0.6880385071795683 
-1000.0 0.08100000000000014 -1000.0 0.08100000000019428 -1000.0 0.08999999999999958 0.08999999999998658 0.08999999999999993 
0.08100000000000007 -1000.0 0.09999999999999995 -1000.0 -1000.0 0.07290000000000017 0.08100000000000007 0.07290000000000017 
0.08100068287133216 0.07290000173392377 0.09000000000000012 0.09000000000000012 -1000.0 0.06561000000000021 0.07290000000000017 0.06561000000000021 
0.087957537707373 0.09000000000000012 0.08100000000000014 0.08100000000000007 -1000.0 0.08100000000000007 0.07290000000000017 0.08100000000000014 
0.08100000000000007 0.08100000000000007 0.08100000000000007 0.07290000000000017 -1000.0 0.07290000000000017 0.07290000000000017 0.07290000000000016 
0.07881187850502581 0.07290000000000017 0.08100000000000007 0.08100000000000014 -1000.0 0.07290000000000017 0.0729000000000001 0.07290000000000017 
0.09999999999999995 -1000.0 0.09000000000000012 -1000.0 -1000.0 0.08100000000000014 0.08999999999999998 0.08100000000000014 
0.09000000000000012 0.07290000000000017 0.08100000000000177 0.08100000000000014 -1000.0 0.07290000000000071 0.08100000000000014 0.0729000000000002 
0.08100000000000014 0.08100000000000014 0.07290000000000017 0.0729000000000001 -1000.0 0.07290000000000017 0.06561000000000021 0.07290000000000017 
0.08100000000000007 0.0729000000000001 0.08100000000000014 0.07290000000000017 -1000.0 0.06561000000000021 0.07290000000000017 0.06561000000000021 
0.08100000000000007 0.07290000000326148 0.07290000962198034 0.065610000246049 -1000.0 0.07290000000239075 0.08100000000000014 0.07290000010320492 
-2.046864202490279 -1000.0 0.8214610170691501 -1000.0 -1000.0 0.7191027363526078 -0.4507219301066041 -0.04395521231714815 
-0.651313321439292 1.0594379372359124 -1.5159429558002069 -1.4024521216833616 -1000.0 0.7899388120359488 -0.029558042180702983 -0.4092391947218265 
-1.7529232015526959 -0.3283547378012763 0.8779792132624339 -0.05968544248047514 -1000.0 0.7726486241940492 -1.069894216792066 -0.5996504224020986 
-1.1914450750421908 -0.2712386223493041 -1.532025422758038 -0.8219956170789242 -1000.0 0.22542078082946723 0.756212292509936 -1.0512291013766046 
1.8353327397166403 0.7248600697994163 -0.06056841542740633 0.09147043323840333 -1000.0 0.10615816635953053 -0.29305215013564495 -0.4062173001691445 
-0.37398885974820195 -1000.0 0.9840698481714568 -1000.0 -1000.0 -0.061065025048864095 -3.1285118689731157 0.10469893223061348 
0.7541835186215372 -1.0080208802260242 -1.368454562643148 0.9303970060079334 -1000.0 1.3136885767193633 0.0714484629765182 0.8231946493539571 
0.8383212474360955 -1.0421329740539158 0.10538039005441109 0.8265325000631922 -1000.0 -1.1030800932311535 -0.8896114926606148 -1.4945636400318598 
-1.3711343025616127 1.2025846641397102 -0.2749006753865912 0.152185175479606 -1000.0 0.770752007701071 -0.43644576189517614 -1.582359323712965 
-0.36124489632657736 0.6061167703796002 -0.9827748955739989 -0.9156820216177337 -1000.0 -1.3962677223767321 0.9027970949251793 0.0768237749395565 
-1.0 -1.0 -1.0 -1.0 -1.0 -1.0 -1.0 -1.0 
-1000.0 0.10000000000000006 -1000.0 -1000.0 0.09000000000000012 0.08100000000000007 0.081 -1000.0 
-1000.0 -0.09999999999999995 -1000.0 -1000.0 0.07290000000000017 0.08100000000000014 0.09000000000000012 -1000.0 
-1000.0 0.07290000000000017 -1000.0 -1000.0 0.08100000000000014 0.09000000000000012 0.08100000000000014 -1000.0 
-1000.0 0.9759093441479791 -1000.0 -1000.0 1.3336868841318177 -1.613074341741976 1.341047238432734 -1000.0 
0.10000000000000006 -1000.0 -1000.0 -1000.0 0.09000000000000012 0.08100000000000014 0.081 -1000.0 
-0.09999999999999995 -0.10000000000000006 -1000.0 -1000.0 0.07290000002121076 0.07290000071681513 0.06561427345859279 -1000.0 
0.07290000000000017 -0.10000000000000006 -1000.0 -1000.0 0.07290000000000017 0.08100000000000014 0.07290000000000048 -1000.0 
0.08999999999999993 -0.09999999999999928 -1000.0 -1000.0 0.0810000546426135 0.08102370031821528 0.06561315983874212 -1000.0 
0.08100000000000014 -0.10000000000000006 -1000.0 -1000.0 0.08100000000000007 0.07290000000000017 0.07290000000000017 -1000.0 
-0.10000000000000006 -1000.0 -1000.0 -1000.0 0.0729000000000001 0.08100000000000014 0.09000000000000012 -1000.0 
-0.09999999999999995 0.0729000000000001 -1000.0 -1000.0 0.0729000000000001 0.07290000000000017 0.08100000000000007 -1000.0 
-0.10000000000000006 0.0729000000000001 -1000.0 -1000.0 0.06561000000000014 0.07290000000000017 0.08100000000000014 -1000.0 
-0.10000000000000006 0.06561000000000014 -1000.0 -1000.0 0.06561000000000021 0.07290000000000017 0.07290000000000017 -1000.0 
-0.09999999999999995 0.0656100000000002 -1000.0 -1000.0 0.08100000000000014 0.07290000000000017 0.07290000000000017 -1000.0 
0.0729000000000001 -1000.0 -1000.0 -1000.0 0.08100000000000013 0.08999999999999998 0.08100000000000014 -1000.0 
0.0729000000000001 0.08999999999999998 -1000.0 -1000.0 0.06561000000000021 0.0729000000000001 0.08100000000000007 -1000.0 
0.06561000000000014 0.0729000000000001 -1000.0 -1000.0 0.0729000000000001 0.07290000000000017 0.08100000000000007 -1000.0 
0.0656100000000002 0.07290000000000017 -1000.0 -1000.0 0.0729000000000001 0.06561000000000021 0.0729000000000001 -1000.0 
0.08100000000000014 0.06561000000000021 -1000.0 -1000.0 0.07290000000000017 0.08100000000000014 0.07290000000000017 -1000.0 
0.13470189374749392 -1000.0 -1000.0 -1000.0 0.25895461310859397 0.1916205794751296 1.065069604797061 -1000.0 
-1.7385376383315407 1.548652881995281 -1000.0 -1000.0 0.2953109157833808 -0.20735498521395782 1.1918859634122938 -1000.0 
0.8483364338779134 -1.6642503091898506 -1000.0 -1000.0 0.10560874923254741 -0.6187660893499831 -1.409295444008276 -1000.0 
0.23815299124279363 -0.029763352347844066 -1000.0 -1000.0 0.440618315297574 0.9686349844171345 -0.34895531242977806 -1000.0 
0.9414693529879219 0.3731992321698005 -1000.0 -1000.0 -0.2842883059689147 -0.8286718766262481 -0.43096015600387905 -1000.0 
-1.0 -1.0 -1.0 -1.0 -1.0 -1.0 -1.0 -1.0 
-1000.0 0.10000000000000006 -1000.0 0.07290000000000017 0.09000000000000012 0.0729000000000001 -1000.0 -0.09999999999999995 
-1000.0 0.08100000000000007 -1000.0 0.08999999999999993 0.08100000000000013 0.08999999999999998 -1000.0 -0.09999999999999995 
-1000.0 0.07290000000000017 -1000.0 0.08999999999999998 0.08999999999999998 0.08100000000000007 -1000.0 -0.10000000000000006 
-1000.0 -0.03609145930829561 -1000.0 0.4177341954626221 -1.1545076368115388 1.9965463979696465 -1000.0 -2.305172756317165 
0.10000000000000006 -1000.0 0.07290000000000017 -1000.0 0.09000000000000012 0.07290000000000017 -1000.0 -0.10000000000000006 
0.08100000000000007 0.08100000000000014 0.0729000000000001 0.05904900000000021 0.06561000000000014 0.06561000000000021 -1000.0 -0.10000000000000006 
0.07290000000000017 0.0729000000000001 0.06561000000000021 0.06561000000000014 0.07290000000000017 0.08100000000000014 -1000.0 -0.09999999999999995 
0.08999999999999998 0.05904900000000021 0.07290000000000017 0.06561000000000021 0.08100000000000014 0.0729000000000001 -1000.0 -0.10000000000000006 
0.08999999999999998 0.06561000000000014 0.08100000000000007 0.08100000000000014 0.07290000000000017 0.07290000000000017 -1000.0 -0.09999999999999995 
0.08100000000000014 -1000.0 0.08999999999999993 -1000.0 0.08100000000000014 0.09000000000000012 -1000.0 -0.09999999999999995 
0.0729000000000001 0.07290000000000017 0.07290000000000017 0.06561000000000021 0.07290000000000017 0.08100000000000014 -1000.0 -0.09999999999999995 
0.05904900000000021 0.0729000000000001 0.0729000000000001 0.07290000000000017 0.0729000000000001 0.08100000000000014 -1000.0 -0.10000000000000006 
0.06561000000000014 0.06561000000000021 0.06561000000000014 0.08100000000000007 0.07290000000000017 0.081 -1000.0 -0.09999999999999995 
0.06561000000000021 0.07290000000000017 0.08100000000000013 0.07290000000000017 0.07290000000000017 0.07290000000000017 -1000.0 -0.09999999999999995 
0.07290000000000017 -1000.0 0.09000000000000012 -1000.0 0.09000000000000012 0.08100000000000014 -1000.0 -0.09999999999999995 
0.0729000000000001 0.08999999999999998 0.08100000000000014 0.0729000000000001 0.07290000000000017 0.07290000000000017 -1000.0 -0.09999999999999995 
0.06561000000000021 0.07290000000000017 0.08100000000000007 0.06561000000000014 0.08100000000000014 0.06561000000000021 -1000.0 -0.09999999999999995 
0.07290000000000017 0.0729000000000001 0.07290000000000017 0.08100000000000013 0.08100000000000014 0.07290000000000017 -1000.0 -0.10000000000000006 
0.08100000000000007 0.06561000000000014 0.08100000000000014 0.08999999999999998 0.08100000000000014 0.06561000000000021 -1000.0 -0.10000000000000006 
0.02529329120841386 -1000.0 -0.14280406167050738 -1000.0 0.7042695759398563 1.001561877049081 -1000.0 1.5137864040231073 
-1.666951920836587 -1.0360803599801132 -0.055155647894743816 1.659380095535885 2.0025622923644404 1.0342321977334221 -1000.0 0.4869585807968738 
-0.14209453519544593 1.7831273914076322 -1.8436354593953688 1.5974279878043904 0.4995556621005157 -0.6103781561574504 -1000.0 1.4152213918332985 
1.068532853737512 1.5240378562715557 0.41993397801867827 1.1258943598411684 -0.1467104946346679 -0.028633236090951576 -1000.0 1.4226392985415213 
-2.600265884439549 -0.38048279450298206 0.4098255186356734 -0.5996813828582674 0.8091186488000656 -0.570568048630471 -1000.0 0.2380371405910804 
-1.0 -1.0 -1.0 -1.0 -1.0 -1.0 -1.0 -1.0 
-1000.0 0.10000000000000006 -1000.0 0.09000000000000012 0.08999999999999998 -1000.0 0.0729000000000001 0.0729000000000001 
-1000.0 0.0729000000000001 -1000.0 0.08100000000000014 0.08999999999999998 -1000.0 0.09000000000000012 0.08999999999999998 
-1000.0 0.08100000000000007 -1000.0 0.09999999999999995 0.08100000000000014 -1000.0 0.08100000000000014 0.08100000000000014 
-1000.0 -0.745408376879923 -1000.0 0.580451110075455 -0.6442532807340735 -1000.0 1.1739045438900146 0.4623831928653446 
0.10000000000000006 -1000.0 0.09000000000000012 -1000.0 0.09000000000000012 -1000.0 0.0729000000000001 0.0729000000000001 
0.0729000000000001 0.0729000000000001 0.0729000000000001 0.06561000000000021 0.06561000000000021 -1000.0 0.06561000000000021 0.06561000000000021 
0.08100000000000007 0.06561000000000021 0.07290000000000017 0.06561000000000014 0.08100000000000014 -1000.0 0.06561000000000021 0.06561000000000021 
0.09000000000000012 0.06561000000000021 0.08100000000000014 0.0729000000000001 0.081 -1000.0 0.06561000000000021 0.06561000000000021 
0.08100000000000014 0.06561000000000021 0.08100000000000014 0.06561000000000021 0.0729000000000001 -1000.0 0.06561000000000014 0.06561000000000014 
0.0729000000000001 -1000.0 0.08100000000000014 -1000.0 0.09000000000000012 -1000.0 0.09000000000000012 0.09000000000000012 
0.06561000000000021 0.08100000000000014 0.07290000000000017 0.08100000000000014 0.08100000000000007 -1000.0 0.08100000000000014 0.08100000000000007 
0.06561000000000021 0.07290000000000017 0.0729000000000001 0.08100000000000014 0.06561000000000021 -1000.0 0.06561000000000021 0.06561000000000021 
0.06561000000000021 0.0729000000000001 0.07290000000000017 0.08100000000000014 0.0729000000000001 -1000.0 0.0729000000000001 0.0729000000000001 
0.06561000000000014 0.08100000000000014 0.06561004544361586 0.07290000000000017 0.07290000000000017 -1000.0 0.07290000000000016 0.07290000000000017 
0.08100000000000014 -1000.0 0.10000000000000006 -1000.0 0.08100000000000007 -1000.0 0.08100000000000007 0.08100000000000007 
0.07290000000000017 0.09000000000000012 0.0729000000000001 0.08100000000000014 0.0729000000000001 -1000.0 0.08100000000000007 0.08100000000000007 
0.0729000000000001 0.0729000000000001 0.08100000000000007 0.08100000000000014 0.07290000000000017 -1000.0 0.0729000000000001 0.0729000000000001 
0.08100000000000014 0.07290000000000017 0.09000000000000012 0.09000000000000012 0.0729000000000001 -1000.0 0.06561000000000021 0.06561000000000021 
0.08100000000000014 0.08100000000000014 0.08100000000000014 0.0729000000000001 0.07290000000000017 -1000.0 0.07290000000000017 0.07290000000000017 
1.6142107411206668 -1000.0 -0.4692693228694786 -1000.0 -0.9812258577468671 -1000.0 -1.0511626921997048 -0.07366053625073152 
-0.08287792241895486 -0.6298559942379259 -1.5635447403902971 -1.0278632368049185 -0.4533753037188957 -1000.0 1.813896238771831 0.11015711091357264 
0.2574333114617969 0.13616032684334012 0.24026919406828703 -1.0999168797486876 0.0059511768645660965 -1000.0 0.05235403719051333 0.03410084806835808 
0.20584893317632175 -1.7607551282279041 1.156566511411408 -1.551621237988213 -0.5129665910571736 -1000.0 -0.6466133139901906 -0.8482278342227797 
0.35987444559710674 -0.9673654440486587 -0.5626539390615851 1.0526729431653699 -0.4052047798678187 -1000.0 -1.209356615177269 -0.9553330431568473 
-1.0 -1.0 -1.0 -1.0 -1.0 -1.0 -1.0 -1.0 
-1000.0 0.09999999999999995 -1000.0 0.08100000000000007 -1000.0 0.07290000000000017 0.08100000000000007 0.07290000000000017 
-1000.0 0.07290000000000017 -1000.0 0.09999999999999995 -1000.0 0.08100000000000014 0.08999999999999998 0.08100000000000014 
-1000.0 0.09000000000000012 -1000.0 0.07290000000000017 -1000.0 -0.09999999999999995 0.08100000000000007 -0.09999999999999995 
-1000.0 1.057606916243001 -1000.0 0.2446483224051515 -1000.0 -1.6195176395405138 -0.6907646671922527 0.7390042279972461 
0.10000000000000006 -1000.0 0.08100000000000014 -1000.0 -1000.0 0.07290000000000017 0.08100000000000007 0.07290000000000017 
0.07290000000000017 0.07290000000000017 0.0729000000000001 0.07290000000000017 -1000.0 0.06561000000000021 0.07290000000000017 0.06561000000000021 
0.09000000000000012 0.06561000000000021 0.07290000000000017 0.07290000000000017 -1000.0 0.08100000000000014 0.07290000000000017 0.08100000000000007 
0.08999999999999993 0.08100000000000007 0.0656382046124632 0.06561000000000702 -1000.0 0.07290000000000016 0.07290000000000017 0.07290000000000017 
0.08100000000000007 0.07290000000000017 0.07290000000002812 0.08100000000000007 -1000.0 0.07290000000000017 0.0729000000000001 0.07290000000000017 
0.07290000000000017 -1000.0 0.10000000000000006 -1000.0 -1000.0 0.08100000000000014 0.08999999999999998 0.08100000000000014 
0.06561000000000021 0.09000000000000012 0.07290000000000017 0.08100000000000014 -1000.0 0.0729000000000001 0.08100000000000014 0.0729000000000001 
0.08100000000000007 0.07290000000000017 0.09000000000000012 0.09000000000000012 -1000.0 0.07290000000000017 0.06561000000000021 0.07290000000000017 
0.07290000000000017 0.08100000000000014 0.08999999999999993 0.07290000000000017 -1000.0 0.06561000000000021 0.07290000000000017 0.06561000000000021 
0.07290000124951433 0.07290000008657464 0.08100000000000007 0.08100000000000014 -1000.0 0.07290000003331902 0.08100000000000014 0.07290000279714696 
0.09000000000000012 -1000.0 0.07290000000000017 -1000.0 -1000.0 -0.10000000000000006 0.08100000000000014 -0.10000000000000006 
0.07290000000000017 0.08999999999999998 0.06561000000000021 0.08100000000000007 -1000.0 -0.10000000000000006 0.08100000000000007 -0.09999999999999995 
0.08100000000000014 0.06561000000000021 0.08100000000000007 0.08999999999999998 -1000.0 -0.09999999999999995 0.07290000000000017 -0.09999999999999995 
0.07290000000000017 0.08100000000000007 0.07290000000000017 0.06561000000000021 -1000.0 -0.09999999999999995 0.07290000000000017 -0.10000000000000006 
0.08100000000000014 0.07290000000000017 0.07290000000000017 0.08100000000000007 -1000.0 -0.09999999999999995 0.08100000000000007 -0.10000000000000006 
-0.9774622949659096 -1000.0 -1.2186036129186482 -1000.0 -1000.0 -0.9008523906829292 -0.9273671756280689 0.7284700371366128 
0.004311266759729231 -1.0470211192385985 -0.10024517033937673 -0.0029730409530651135 -1000.0 -0.2764494419047563 -1.6952462919517268 -0.28271228262218184 
0.11556401086791045 1.1448786981145875 0.6000125665333074 -0.28048700269182447 -1000.0 0.011685255744228868 0.23648180358772658 -0.12810896549972173 
-1.9866044018622777 -2.140063015809065 2.1869012498871996 0.594143757049288 -1000.0 1.6635480054918774 -0.7539230680078518 -0.7959738491930386 
-1.1997884716768574 -0.35475037474371696 -0.13735160635330643 1.191935951160932 -1000.0 1.0340948633842968 1.160291451045672 -0.4688360828658256 
-1.0 -1.0 -1.0 -1.0 -1.0 -1.0 -1.0 -1.0 
-1000.0 0.10000000000000006 -1000.0 0.10000000000000006 0.08999999999999998 0.08100000000000014 0.08100000000000014 0.09000000000000012 
-1000.0 0.08999999999999998 -1000.0 0.08999999999999998 -0.10000000000000006 0.09000000000000012 0.08100000000000007 -0.10000000000000006 
-1000.0 0.08100000000000007 -1000.0 0.08100000000000007 -0.08999999999999993 0.08999999999999993 -0.08999999999999998 -0.09000000000000012 
-1000.0 -2.062556082877665 -1000.0 0.007748868915798986 -0.08120224300700883 -0.6063653927901079 0.31221374441291366 -1.6848928413654964 
0.10000000000000006 -1000.0 0.10000000000000006 -1000.0 0.08999999999999998 0.08100000000000014 0.08100000000000007 0.09000000000000012 
0.08999999999999998 0.08999999999999998 0.08999999999999998 0.08999999999999998 0.0656798981735255 0.07290055730987421 0.07290021856914444 0.06580854163311327 
0.08100000000000007 0.06561001196529594 0.08100000000000007 0.06561001090785341 0.07290001601674258 0.06561001591673143 0.08100000000000014 0.07290000014874123 
0.09000000000000012 0.07290000000000017 0.09000000000000012 0.07290000000000017 0.08100000000000014 0.07290000000000017 0.07290000000000017 0.081 
0.08099999999999995 0.08100000116039412 0.08099999999999995 0.08100000139452646 0.07291632074860775 0.07294950571343232 0.08100000113020651 0.07290886722654576 
0.10158407885318424 -1000.0 0.10369291009963374 -1000.0 -0.021990713508231095 0.10131922876250013 0.062230292456756126 -0.07608749951313645 
0.1013573590842104 0.05569491919382678 0.016554053815439042 0.10977909385028703 0.007953102623761876 0.10463455738826055 -0.14697024659894053 -0.19066706122533464 
0.11045124794246461 0.10979850739274051 0.09601995662460101 0.11205623089504063 -0.012536469918275648 0.09992537592062734 0.06520877336045654 -0.0743985250709351 
0.11524569100667395 0.11345390192713742 0.05884618493865587 0.1165933151355844 -0.21015021793486185 0.07884557907978795 0.09446197172248558 -0.24129738677522802 
-0.765502281782908 1.1850053420357558 0.6259926901416021 1.226500695893505 0.3075322386260443 0.22227821638241105 -0.13374557294236414 -0.12001276522067551 
0.08190185327057632 -1000.0 0.08248542405454251 -1000.0 -0.08999995856316458 0.09000000135925827 -0.08999999983653349 -0.09000000407924566 
0.10112658645313224 0.09953683798623356 0.09953159656752612 0.10079804106588845 0.06583224752788264 0.08112336348317116 0.06579376978774375 0.06575510551153003 
0.09696588285568397 0.09773896279837312 0.09884180456135921 0.09879146264313776 0.05921243411452661 0.07301859965765037 0.05923107859776794 0.05924652026992991 
0.10319680330846877 0.10306901535899693 0.10318563010101615 0.10322087939435864 0.06561349488451937 0.08100204079957507 0.06562561026302625 0.06561579984535157 
0.11401335665712832 0.11402521744403249 0.11247212695801972 0.11422628198467892 0.07289999999839174 0.07291241585685056 0.07290000012548464 0.07289999984847952 
0.6497455374997663 -1000.0 1.7289980050913167 -1000.0 -1.2207777863890104 0.7698795704850818 2.021681089283892 -0.8032642315502413 
-1.2410249452263193 -0.18228751933842816 -1.7106635771537833 0.681811121324692 -1.3687782757966582 -0.17977109648580697 1.9711071579774442 -1.9023293138435493 
1.6554876938958873 0.6406405655951719 0.07657936230973975 0.370261867144634 2.495329030174325 0.34181879212032623 -0.666018409622 -0.38644472323700024 
0.6083566122783683 -1.3267129505212532 0.33377747021245674 -1.6875508937631762 0.09573036797449574 -0.11919636775818382 -1.729728574976423 -1.1100660795366182 
0.5552792089614611 -0.2174013741000938 0.526414679538853 -0.9722494146032615 -0.868032610317699 0.07997247062018276 0.35751658813109377 1.4051280091417464 
alpha
0.2
gamma
0.9
epsilon
0.3678794227774987
END