1.0 1.0 1.0 1.0 1.0 1.0 1.0 1.0 
1.0 1.0 1.0 1.0 1.0 1.0 1.0 1.0 
1.0 1.0 1.0 1.0 1.0 1.0 1.0 1.0 
1.0 1.0 1.0 1.0 1.0 1.0 1.0 1.0 
1.0 1.0 1.0 1.0 1.0 1.0 1.0 1.0 
1.0 1.0 1.0 1.0 1.0 1.0 1.0 1.0 
1.0 1.0 1.0 1.0 1.0 1.0 1.0 1.0 
1.0 1.0 1.0 1.0 1.0 1.0 1.0 1.0 
1.0 1.0 1.0 1.0 1.0 1.0 1.0 1.0 
1.0 1.0 1.0 1.0 1.0 1.0 1.0 1.0 
1.0 1.0 1.0 1.0 1.0 1.0 1.0 1.0 
1.0 1.0 1.0 1.0 1.0 1.0 1.0 1.0 
1.0 1.0 1.0 1.0 1.0 1.0 1.0 1.0 
1.0 1.0 1.0 1.0 1.0 1.0 1.0 1.0 
1.0 1.0 1.0 1.0 1.0 1.0 1.0 1.0 
1.0 1.0 1.0 1.0 1.0 1.0 1.0 1.0 
1.0 1.0 1.0 1.0 1.0 1.0 1.0 1.0 
1.0 1.0 1.0 1.0 1.0 1.0 1.0 1.0 
1.0 1.0 1.0 1.0 1.0 1.0 1.0 1.0 
1.0 1.0 1.0 1.0 1.0 1.0 1.0 1.0 
1.0 1.0 1.0 1.0 1.0 1.0 1.0 1.0 
1.0 1.0 1.0 1.0 1.0 1.0 1.0 1.0 
1.0 1.0 1.0 1.0 1.0 1.0 1.0 1.0 
1.0 1.0 1.0 1.0 1.0 1.0 1.0 1.0 
1.0 1.0 1.0 1.0 1.0 1.0 1.0 1.0 
-1.0 -1.0 -1.0 -1.0 -1.0 -1.0 -1.0 -1.0 
-1000.0 -1000.0 -1000.0 0.09000000000000012 -1000.0 -1000.0 -1000.0 -1000.0 
-1000.0 -1000.0 -1000.0 0.08100000000000007 -1000.0 -1000.0 -1000.0 -1000.0 
-1000.0 -1000.0 -1000.0 -0.09999999999999995 -1000.0 -1000.0 -1000.0 -1000.0 
-1000.0 -1000.0 -1000.0 0.09999999999999995 -1000.0 -1000.0 -1000.0 -1000.0 
-1000.0 -1000.0 0.08999999999999998 -1000.0 -1000.0 -1000.0 -1000.0 -1000.0 
-1000.0 -1000.0 0.08100000000000007 0.06561000000000021 -1000.0 -1000.0 -1000.0 -1000.0 
-1000.0 -1000.0 0.06561000000000021 0.06561000000000021 -1000.0 -1000.0 -1000.0 -1000.0 
-1000.0 -1000.0 0.07290000000000017 0.06561000000000014 -1000.0 -1000.0 -1000.0 -1000.0 
-1000.0 -1000.0 0.07290000000000008 0.07290000000000017 -1000.0 -1000.0 -1000.0 -1000.0 
-1000.0 -1000.0 0.08100000000000007 -1000.0 -1000.0 -1000.0 -1000.0 -1000.0 
-1000.0 -1000.0 0.08100000000000007 0.06561000000000021 -1000.0 -1000.0 -1000.0 -1000.0 
-1000.0 -1000.0 0.0729000000000001 0.07290000000000017 -1000.0 -1000.0 -1000.0 -1000.0 
-1000.0 -1000.0 0.06561000000000021 0.07290000000000008 -1000.0 -1000.0 -1000.0 -1000.0 
-1000.0 -1000.0 0.0729000000000001 0.08999999999999998 -1000.0 -1000.0 -1000.0 -1000.0 
-1000.0 -1000.0 -0.10000000000000006 -1000.0 -1000.0 -1000.0 -1000.0 -1000.0 
-1000.0 -1000.0 -0.10000000000000006 0.0729000000000001 -1000.0 -1000.0 -1000.0 -1000.0 
-1000.0 -1000.0 -0.10000000000000006 0.06561000000000021 -1000.0 -1000.0 -1000.0 -1000.0 
-1000.0 -1000.0 -0.09999999999999995 0.0729000000000001 -1000.0 -1000.0 -1000.0 -1000.0 
-1000.0 -1000.0 -0.09999999999999995 0.08100000000000007 -1000.0 -1000.0 -1000.0 -1000.0 
-1000.0 -1000.0 0.10000000000000006 -1000.0 -1000.0 -1000.0 -1000.0 -1000.0 
-1000.0 -1000.0 0.0729000000000001 -0.09999999999999995 -1000.0 -1000.0 -1000.0 -1000.0 
-1000.0 -1000.0 0.09000000000000012 -0.10000000000000006 -1000.0 -1000.0 -1000.0 -1000.0 
-1000.0 -1000.0 0.08100000000000007 -0.10000000000000006 -1000.0 -1000.0 -1000.0 -1000.0 
-1000.0 -1000.0 -0.10000000000000006 -0.10000000000000006 -1000.0 -1000.0 -1000.0 -1000.0 
-1.0 -1.0 -1.0 -1.0 -1.0 -1.0 -1.0 -1.0 
-1000.0 -1000.0 -1000.0 -0.09999999999999995 0.08100000000000007 -1000.0 -1000.0 -1000.0 
-1000.0 -1000.0 -1000.0 0.08999999999999993 0.09000000000000012 -1000.0 -1000.0 -1000.0 
-1000.0 -1000.0 -1000.0 0.09999999999999995 0.08100000000000014 -1000.0 -1000.0 -1000.0 
-1000.0 -1000.0 -1000.0 0.0729000000000001 0.08999999999999993 -1000.0 -1000.0 -1000.0 
-1000.0 -1000.0 -0.10000000000000006 -1000.0 0.08100000000000014 -1000.0 -1000.0 -1000.0 
-1000.0 -1000.0 -0.09999999999999995 0.07290000000000016 0.07290000000000017 -1000.0 -1000.0 -1000.0 
-1000.0 -1000.0 -0.09999999999999995 0.07290000000000017 0.07290000000000017 -1000.0 -1000.0 -1000.0 
-1000.0 -1000.0 -0.09999999999999995 0.07290000000000017 0.07290000000000017 -1000.0 -1000.0 -1000.0 
-1000.0 -1000.0 -0.09999999999999995 0.06561000000000021 0.0729000000000001 -1000.0 -1000.0 -1000.0 
-1000.0 -1000.0 0.09000000000000012 -1000.0 0.09000000000000012 -1000.0 -1000.0 -1000.0 
-1000.0 -1000.0 0.06561000000000014 0.06561000000000021 0.08100000000000007 -1000.0 -1000.0 -1000.0 
-1000.0 -1000.0 0.08100000000000014 0.0729000000000001 0.06561000000000021 -1000.0 -1000.0 -1000.0 
-1000.0 -1000.0 0.0729000000000001 0.08100000000000014 0.0729000000000001 -1000.0 -1000.0 -1000.0 
-1000.0 -1000.0 -0.09000000000000012 0.0729000000000001 0.08100000000000007 -1000.0 -1000.0 -1000.0 
-1000.0 -1000.0 0.09999999999999995 -1000.0 0.08100000000000007 -1000.0 -1000.0 -1000.0 
-1000.0 -1000.0 0.0729000000000001 -0.10000000000000006 0.081 -1000.0 -1000.0 -1000.0 
-1000.0 -1000.0 0.08100000000000014 -0.10000000000000006 0.0729000000000001 -1000.0 -1000.0 -1000.0 
-1000.0 -1000.0 -0.09999999999999995 -0.09999999999999995 0.0729000000000001 -1000.0 -1000.0 -1000.0 
-1000.0 -1000.0 0.08999999999999993 -0.10000000000000006 0.08100000000000007 -1000.0 -1000.0 -1000.0 
-1000.0 -1000.0 0.07290000000000017 -1000.0 0.09000000000000007 -1000.0 -1000.0 -1000.0 
-1000.0 -1000.0 0.06561000000000021 0.0729000000000001 0.06561000000000014 -1000.0 -1000.0 -1000.0 
-1000.0 -1000.0 0.08100000000000014 -0.09000000000000012 0.08100000000000014 -1000.0 -1000.0 -1000.0 
-1000.0 -1000.0 0.07290000000000016 0.09000000000000007 0.0729000000000001 -1000.0 -1000.0 -1000.0 
-1000.0 -1000.0 0.07290000000000017 0.06561000000000014 -0.09000000000000007 -1000.0 -1000.0 -1000.0 
-1.0 -1.0 -1.0 -1.0 -1.0 -1.0 -1.0 -1.0 
-1000.0 -1000.0 -1000.0 0.081 0.08100000000000007 0.08100000000000007 -1000.0 -1000.0 
-1000.0 -1000.0 -1000.0 0.10000000000000006 0.08999999999999998 0.08100000000000007 -1000.0 -1000.0 
-1000.0 -1000.0 -1000.0 0.08999999999999998 0.08999999999999998 -0.08999999999999993 -1000.0 -1000.0 
-1000.0 -1000.0 -1000.0 -0.10000000000000006 0.081 0.08999999999999993 -1000.0 -1000.0 
-1000.0 -1000.0 0.08100000000000013 -1000.0 0.08100000000000014 0.08100000000000007 -1000.0 -1000.0 
-1000.0 -1000.0 0.06561000000000014 0.0729000000000001 0.07290000000000017 0.0729000000000001 -1000.0 -1000.0 
-1000.0 -1000.0 0.07290000000000017 0.09000000000000012 0.06561000000000021 0.08100000000000014 -1000.0 -1000.0 
-1000.0 -1000.0 0.08100000000000013 0.06561000000000021 0.0729000000000001 0.07290000000000017 -1000.0 -1000.0 
-1000.0 -1000.0 0.06561000000000021 0.07290000000000017 0.0729000000000001 0.08100000000000014 -1000.0 -1000.0 
-1000.0 -1000.0 0.09999999999999995 -1000.0 0.09000000000000012 0.08100000000000014 -1000.0 -1000.0 
-1000.0 -1000.0 0.08999999999999998 -0.09999999999999995 0.08100000000000007 0.0729000000000001 -1000.0 -1000.0 
-1000.0 -1000.0 -0.09999999999999995 -0.10000000000000006 0.07290000000000017 0.07290000000000017 -1000.0 -1000.0 
-1000.0 -1000.0 -0.08999999999999998 -0.09999999999999995 0.08100000000000014 0.07290000000000017 -1000.0 -1000.0 
-1000.0 -1000.0 0.081 -0.10000000000000006 0.0729000000000001 0.07290000000000008 -1000.0 -1000.0 
-1000.0 -1000.0 0.09000000000000012 -1000.0 0.08999999999999998 -0.09000000000000012 -1000.0 -1000.0 
-1000.0 -1000.0 0.06561000000000021 0.0729000000000001 0.08100000000000014 0.06561000000000014 -1000.0 -1000.0 
-1000.0 -1000.0 0.07290000000000017 -0.09000000000000007 0.0729000000000001 0.05904900000000021 -1000.0 -1000.0 
-1000.0 -1000.0 0.08100000000000007 0.06561000000000014 0.08100000000000014 0.06561000000000014 -1000.0 -1000.0 
-1000.0 -1000.0 0.0729000000000001 0.05904900000000021 0.07290000000000017 0.0729000000000001 -1000.0 -1000.0 
-1000.0 -1000.0 -0.10000000000000006 -1000.0 0.08100000000000013 0.08999999999999993 -1000.0 -1000.0 
-1000.0 -1000.0 -0.09999999999999995 0.06561000000000021 0.06561000000000014 0.07290000000000017 -1000.0 -1000.0 
-1000.0 -1000.0 -0.09999999999999995 0.08100000000000013 0.07290000000000017 0.08100000000000014 -1000.0 -1000.0 
-1000.0 -1000.0 -0.09999999999999995 0.06561000000000014 0.08100000000000013 0.07290000000000017 -1000.0 -1000.0 
-1000.0 -1000.0 -0.10000000000000006 0.07290000673668577 0.06561005255060656 0.08100000000000002 -1000.0 -1000.0 
-1.0 -1.0 -1.0 -1.0 -1.0 -1.0 -1.0 -1.0 
-1000.0 -1000.0 -1000.0 0.09999999999999995 0.08099999999999995 0.08100000000000014 0.08999999999999998 -1000.0 
-1000.0 -1000.0 -1000.0 -0.10000000000000006 0.09000000000000012 0.08100000000000014 0.0729000000000001 -1000.0 
-1000.0 -1000.0 -1000.0 0.0729000000000001 0.08100000000000014 0.08999999999999998 0.08100000000000007 -1000.0 
-1000.0 -1000.0 -1000.0 0.08999999999999998 0.081 0.08999999999999998 0.08999999999999998 -1000.0 
-1000.0 -1000.0 0.10000000000000006 -1000.0 0.08099999999999995 0.08100000000000007 0.09000000000000012 -1000.0 
-1000.0 -1000.0 -0.09999999999999995 -0.09999999999999995 0.06561000000000021 0.07290000000000017 0.07290000000000017 -1000.0 
-1000.0 -1000.0 0.0729000000000001 -0.10000000000000006 0.07290000000000017 0.08100000000000014 0.07290000000000017 -1000.0 
-1000.0 -1000.0 0.08999999999999998 -0.09999999999999995 0.06561000000000021 0.08100000000000014 0.081 -1000.0 
-1000.0 -1000.0 0.081 -0.10000000000000006 0.07290000000000017 0.0729000000000001 0.08100000000000007 -1000.0 
-1000.0 -1000.0 -0.09999999999999995 -1000.0 0.09000000000000012 0.08100000000000014 0.0729000000000001 -1000.0 
-1000.0 -1000.0 -0.10000000000000006 0.0729000000000001 0.08100000000000007 0.07290000000000017 0.0729000000000001 -1000.0 
-1000.0 -1000.0 -0.10000000000000006 0.0729000000000001 0.08100000000000014 0.07290000000000017 0.06561000000000021 -1000.0 
-1000.0 -1000.0 -0.10000000000000006 0.06561000000000021 0.07290000000000017 0.0729000000000001 0.06561000000000014 -1000.0 
-1000.0 -1000.0 -0.09999999999999995 0.06561000000000014 0.07290000000000017 0.07290000000000017 0.08100000000000007 -1000.0 
-1000.0 -1000.0 0.0729000000000001 -1000.0 0.08100000000000007 0.08999999999999998 0.08100000000000014 -1000.0 
-1000.0 -1000.0 0.0729000000000001 0.08999999999999998 0.08100000000000007 0.07290000000000008 0.06561000000000014 -1000.0 
-1000.0 -1000.0 0.06561000000000021 0.07290000000000008 0.08100000000000007 0.07290000000000017 0.07290000000000017 -1000.0 
-1000.0 -1000.0 0.06561000000000014 0.07290000000000017 0.0729000000000001 0.06561000000000014 0.0729000000000001 -1000.0 
-1000.0 -1000.0 0.08100000000000007 0.06561000000000014 0.07290000000000017 0.081 0.0729000000000001 -1000.0 
-1000.0 -1000.0 0.08999999999999998 -1000.0 0.081 0.09000000000000012 0.08999999999999998 -1000.0 
-1000.0 -1000.0 0.07290000000000008 0.081 0.06561000000000021 0.07290000000000016 0.07290000000000017 -1000.0 
-1000.0 -1000.0 0.07291610478536345 0.0657852987558347 0.07299739826467792 0.08100000117370454 0.07331216584603255 -1000.0 
-1000.0 -1000.0 0.06601876210155899 0.07306028347609941 0.07314211187807894 0.08101064090250551 0.08101017283696832 -1000.0 
-1000.0 -1000.0 0.08100006143294057 0.0729228374630019 0.07320752025432381 0.07312261491757129 0.0810000495740235 -1000.0 
-1.0 -1.0 -1.0 -1.0 -1.0 -1.0 -1.0 -1.0 
-1000.0 -0.5976413980472383 -1000.0 -1000.0 -1000.0 -1000.0 -1000.0 -1000.0 
-1000.0 0.08100000000000007 -1000.0 -1000.0 -1000.0 -1000.0 -1000.0 -1000.0 
-1000.0 -0.10000000000000006 -1000.0 -1000.0 -1000.0 -1000.0 -1000.0 -1000.0 
-1000.0 0.09999999999999995 -1000.0 -1000.0 -1000.0 -1000.0 -1000.0 -1000.0 
1.1627987110124736 -1000.0 -1000.0 -1000.0 -1000.0 -1000.0 -1000.0 -1000.0 
0.4336585237710444 0.6654559125531389 -1000.0 -1000.0 -1000.0 -1000.0 -1000.0 -1000.0 
-1.5349119844426216 -0.45782185750587545 -1000.0 -1000.0 -1000.0 -1000.0 -1000.0 -1000.0 
0.8568009175246388 -0.5249537081398091 -1000.0 -1000.0 -1000.0 -1000.0 -1000.0 -1000.0 
1.324559911583376 0.40420655002807615 -1000.0 -1000.0 -1000.0 -1000.0 -1000.0 -1000.0 
0.08100000000000007 -1000.0 -1000.0 -1000.0 -1000.0 -1000.0 -1000.0 -1000.0 
0.08100000000000014 0.06561000000000021 -1000.0 -1000.0 -1000.0 -1000.0 -1000.0 -1000.0 
0.0729000000000001 0.07290000000000017 -1000.0 -1000.0 -1000.0 -1000.0 -1000.0 -1000.0 
0.06561000000000021 0.0729000000000001 -1000.0 -1000.0 -1000.0 -1000.0 -1000.0 -1000.0 
0.07290000000000017 0.09000000000000012 -1000.0 -1000.0 -1000.0 -1000.0 -1000.0 -1000.0 
-0.09999999999999995 -1000.0 -1000.0 -1000.0 -1000.0 -1000.0 -1000.0 -1000.0 
-0.09999999999999995 0.0729000000000001 -1000.0 -1000.0 -1000.0 -1000.0 -1000.0 -1000.0 
-0.09999999999999995 0.06561000000000021 -1000.0 -1000.0 -1000.0 -1000.0 -1000.0 -1000.0 
-0.09999999999999995 0.07290000000000017 -1000.0 -1000.0 -1000.0 -1000.0 -1000.0 -1000.0 
-0.09999999999999995 0.08100000000000007 -1000.0 -1000.0 -1000.0 -1000.0 -1000.0 -1000.0 
0.10000000000000006 -1000.0 -1000.0 -1000.0 -1000.0 -1000.0 -1000.0 -1000.0 
0.0729000000000001 -0.09999999999999995 -1000.0 -1000.0 -1000.0 -1000.0 -1000.0 -1000.0 
0.09000000000000012 -0.10000000000000006 -1000.0 -1000.0 -1000.0 -1000.0 -1000.0 -1000.0 
0.08100000000000007 -0.10000000000000006 -1000.0 -1000.0 -1000.0 -1000.0 -1000.0 -1000.0 
-0.10000000000000006 -0.10000000000000006 -1000.0 -1000.0 -1000.0 -1000.0 -1000.0 -1000.0 
-1.0 -1.0 -1.0 -1.0 -1.0 -1.0 -1.0 -1.0 
-1000.0 0.7230128991229026 -1000.0 -0.8950739369692493 -0.16325933937920975 -1000.0 -1000.0 -1000.0 
-1000.0 0.08100000000000014 -1000.0 0.08100000000000014 0.08100000000000014 -1000.0 -1000.0 -1000.0 
-1000.0 0.08999999999999993 -1000.0 0.08999999999999998 -0.09999999999999995 -1000.0 -1000.0 -1000.0 
-1000.0 0.09999999999999995 -1000.0 0.09999999999999995 0.08999999999999993 -1000.0 -1000.0 -1000.0 
0.22665256126335134 -1000.0 1.0326752415665765 -1000.0 1.392756151918545 -1000.0 -1000.0 -1000.0 
0.08100000000000007 0.07290000000000017 0.08100000000000007 0.07290000000000017 0.06561000000000021 -1000.0 -1000.0 -1000.0 
0.06850934241234728 -1.38084479350573 -0.2856208224428072 -0.29886034513728593 0.009231347194466135 -1000.0 -1000.0 -1000.0 
0.9511437078206731 -2.3023034752004463 -0.8222426651893349 0.06884233353066277 1.2757768505849136 -1000.0 -1000.0 -1000.0 
-1.3616465165475216 -0.3412460502749641 -2.0650209289842123 -0.14099528975333386 1.5182196389587914 -1000.0 -1000.0 -1000.0 
0.08100000000000007 -1000.0 0.08100000000000007 -1000.0 0.08100000000000014 -1000.0 -1000.0 -1000.0 
0.081 0.06561000000000021 0.081 0.06561000000000021 0.0729000000000001 -1000.0 -1000.0 -1000.0 
0.0729000000000001 0.0729000000000001 0.0729000000000001 0.0729000000000001 0.07290000000000017 -1000.0 -1000.0 -1000.0 
0.0729000000000001 0.08100000000000007 0.0729000000000001 0.08100000000000007 0.06561000000000021 -1000.0 -1000.0 -1000.0 
0.08100000000000007 0.09000000000000012 0.08100000000000007 0.09000000000000012 0.0729000000000001 -1000.0 -1000.0 -1000.0 
0.09000000000000007 -1000.0 0.09000000000000012 -1000.0 -0.10000000000000006 -1000.0 -1000.0 -1000.0 
0.06561000000000014 0.0729000000000001 0.06561000000000014 0.0729000000000001 -0.09999999999999995 -1000.0 -1000.0 -1000.0 
0.08100000000000014 0.0729000000000001 0.08100000000000014 0.0729000000000001 -0.09999999999999995 -1000.0 -1000.0 -1000.0 
0.0729000000000001 0.08100000000000007 0.0729000000000001 0.08100000000000007 -0.10000000000000006 -1000.0 -1000.0 -1000.0 
-0.09000000000000012 0.08100000000000007 -0.09000000000000007 0.08100000000000007 -0.10000000000000006 -1000.0 -1000.0 -1000.0 
0.09999999999999995 -1000.0 0.09999999999999995 -1000.0 0.09000000000000012 -1000.0 -1000.0 -1000.0 
0.08100000000000007 0.08100000000000014 0.08100000000000007 0.08100000000000014 0.06561000000000014 -1000.0 -1000.0 -1000.0 
0.09000000000000012 0.0729000000000001 0.09000000000000012 0.0729000000000001 0.08100000000000014 -1000.0 -1000.0 -1000.0 
0.08100000000000014 -0.09000000000000012 0.08100000000000014 -0.09000000000000007 0.0729000000000001 -1000.0 -1000.0 -1000.0 
0.08999999999999993 0.09000000000000007 0.08999999999999993 0.09000000000000007 -0.09000000000000012 -1000.0 -1000.0 -1000.0 
-1.0 -1.0 -1.0 -1.0 -1.0 -1.0 -1.0 -1.0 
-1000.0 -0.7381343120369056 -1000.0 0.37520489999272666 -1000.0 -1.0787293897376005 -1000.0 -1000.0 
-1000.0 0.08999999999999998 -1000.0 0.081 -1000.0 -0.10000000000000006 -1000.0 -1000.0 
-1000.0 0.081 -1000.0 0.10000000000000006 -1000.0 -0.09000000000000012 -1000.0 -1000.0 
-1000.0 0.09999999999999995 -1000.0 0.08100000000000007 -1000.0 0.08100000000000007 -1000.0 -1000.0 
0.19441230183575317 -1000.0 1.4067977919303505 -1000.0 -1000.0 -0.37530146903093714 -1000.0 -1000.0 
0.4483420762185477 -0.26750951299429887 1.3543724303905589 -0.8865983661828212 -1000.0 0.32896030736174575 -1000.0 -1000.0 
-0.35439065241668793 -0.22847842527658782 0.09607965406732742 -1.010248397622192 -1000.0 -0.731287020603341 -1000.0 -1000.0 
0.153366742855475 -0.5148581675797923 1.1420957340592406 1.0463250430585154 -1000.0 0.26991852725794035 -1000.0 -1000.0 
0.8023671711487123 -1.3869611580568646 -0.04365176113167827 1.1623872641095887 -1000.0 -1.2209202062571327 -1000.0 -1000.0 
0.08999999999999998 -1000.0 0.08100000000000013 -1000.0 -1000.0 -0.09999999999999995 -1000.0 -1000.0 
0.08100000000000014 0.07290000000000017 0.06561000000000014 0.08100000000000014 -1000.0 -0.09999999999999995 -1000.0 -1000.0 
0.0729000000000001 0.08100000000000014 0.07290000000000017 0.0729000000000001 -1000.0 -0.10000000000000006 -1000.0 -1000.0 
0.08100000000000014 0.0729000000000001 0.08100000000000013 0.09000000000000012 -1000.0 -0.09999999999999995 -1000.0 -1000.0 
0.07290000000000017 0.09000000000000012 0.06561000000000021 0.08100000000000007 -1000.0 -0.10000000000000006 -1000.0 -1000.0 
0.08100000000000013 -1000.0 0.09999999999999995 -1000.0 -1000.0 -0.08999999999999993 -1000.0 -1000.0 
0.06561000000000014 0.0729000000000001 0.08100000000000007 0.08100000000000014 -1000.0 0.06561000000000014 -1000.0 -1000.0 
0.07290000000000017 0.08100000000000014 0.08999999999999998 0.07290000000000017 -1000.0 0.05904900000000021 -1000.0 -1000.0 
0.08100000000000013 0.07290000000000017 0.08999999999999998 0.08999999999999998 -1000.0 0.06561000000000021 -1000.0 -1000.0 
0.06561000000000021 0.08999999999999998 0.081 0.08100000000000014 -1000.0 0.0729000000000001 -1000.0 -1000.0 
0.10000000000000006 -1000.0 0.08100000000000014 -1000.0 -1000.0 0.08100000000000014 -1000.0 -1000.0 
0.08100000000000007 0.07290000000000017 0.07290000000000017 0.08100000000000013 -1000.0 0.06561000000000014 -1000.0 -1000.0 
0.08999999999999998 0.08100000000000013 0.06561000000000021 0.06561000000000021 -1000.0 0.07290000000000017 -1000.0 -1000.0 
0.08999999999999998 0.06561000000000021 0.0729000000000001 0.08100000000000013 -1000.0 0.08100000000000013 -1000.0 -1000.0 
0.081 0.08100000000000013 0.0729000000000001 0.06561000000000014 -1000.0 0.06561000000000021 -1000.0 -1000.0 
-1.0 -1.0 -1.0 -1.0 -1.0 -1.0 -1.0 -1.0 
-1000.0 -1.005339231815055 -1000.0 0.2831450648054707 0.976257667602721 -1000.0 2.085685047494152 -1000.0 
-1000.0 0.08100000000000014 -1000.0 0.10000000000000006 0.08100000000000014 -1000.0 0.0729000000000001 -1000.0 
-1000.0 0.081 -1000.0 0.081 0.08999999999999998 -1000.0 0.09000000000000012 -1000.0 
-1000.0 0.09999999999999995 -1000.0 0.09000000000000012 0.08999999999999998 -1000.0 0.081 -1000.0 
0.7971426608057255 -1000.0 -1.9381428205932094 -1000.0 -0.387897943887114 -1000.0 1.8973901921131637 -1000.0 
-0.49995454439686904 0.023921673032667675 0.865442796380826 -0.14928661380535518 -0.630340014766471 -1000.0 0.31048118359599686 -1000.0 
0.953118960346331 -0.941212173537108 0.392581836758084 1.219664239183414 -0.9500935525127017 -1000.0 2.088955995810539 -1000.0 
-1.0899326468390238 1.4059071140663482 -1.1628098363490982 0.8802910265666234 -1.3966138963242363 -1000.0 0.6076065198447933 -1000.0 
1.2505093882141332 0.6237562803148647 0.28687344070111903 0.722903910987841 0.14834419573343646 -1000.0 -0.3902378657748157 -1000.0 
0.08100000000000007 -1000.0 0.09999999999999995 -1000.0 0.08100000000000014 -1000.0 0.0729000000000001 -1000.0 
0.08100000000000007 0.08100000000000014 0.081 0.07290000000000017 0.07290000000000017 -1000.0 0.07290000000000017 -1000.0 
0.08100000000000007 0.07290000000000017 0.09000000000000012 0.09000000000000012 0.07290000000000017 -1000.0 0.06561000000000021 -1000.0 
0.07290000000000506 0.07290000000000274 0.08100000000000014 0.08100000000000007 0.0729000000000001 -1000.0 0.06561000000000014 -1000.0 
0.07290000000000017 0.09000000000000012 0.081 0.08100000000000014 0.07290000000000017 -1000.0 0.08100000000000014 -1000.0 
0.081 -1000.0 0.081 -1000.0 0.08999999999999998 -1000.0 0.09000000000000012 -1000.0 
0.06561000004422061 0.08100000000000007 0.06561000017483944 0.07290000014496004 0.07290000000296551 -1000.0 0.0729000004205084 -1000.0 
0.07290067511379932 0.07290008696608574 0.07290076726585303 0.08100000000000007 0.0729001642282504 -1000.0 0.07290133902146471 -1000.0 
0.07290000000000016 0.07290000000000017 0.06561000000000021 0.08100000000000007 0.06561000000000014 -1000.0 0.06561000000000014 -1000.0 
0.07290000000047786 0.08100000000000007 0.07290000000237568 0.08100000000000007 0.081 -1000.0 0.08100000000000007 -1000.0 
0.09999999999999995 -1000.0 0.09000000000000012 -1000.0 0.09000000000000012 -1000.0 0.081 -1000.0 
0.081 0.07290035361771476 0.08100000000000007 0.07290031592470592 0.07290101864876641 -1000.0 0.06561011640288877 -1000.0 
0.09000000000000012 0.07290000000000016 0.08100000000000014 0.081 0.08100000000000007 -1000.0 0.07290000000000017 -1000.0 
0.08100000000000014 0.07290262553730667 0.07290011090230762 0.06561573088496261 0.0810000000000001 -1000.0 0.07290153894061065 -1000.0 
0.081 0.081 0.07290000000000017 0.07290000000000017 0.07290000000000016 -1000.0 0.07290000000000008 -1000.0 
-1.0 -1.0 -1.0 -1.0 -1.0 -1.0 -1.0 -1.0 
-1000.0 1.0919616449561944 -1000.0 0.8927788513659456 0.3342694537219715 0.39456435768916925 -1000.0 -0.9927694457549189 
-1000.0 0.081 -1000.0 0.09000000000000012 0.08999999999999998 0.08100000000000014 -1000.0 -0.09999999999999995 
-1000.0 0.08100000000000007 -1000.0 0.08999999999999998 0.08100000000000007 0.09000000000000012 -1000.0 -0.10000000000000006 
-1000.0 0.09999999999999995 -1000.0 0.08099999999999995 0.08999999999999998 0.08100000000000007 -1000.0 -0.09999999999999995 
2.1764818255569622 -1000.0 0.7888805804658316 -1000.0 -0.7147672306192262 0.7565926785962356 -1000.0 0.7579716853357983 
0.6527784298251011 0.014741643133131466 -2.425113301094986 -0.004696313919989378 -0.497579154282779 -0.44345736387639917 -1000.0 1.0842237400510821 
0.13680659787055946 1.5013702810623553 -0.3873930147253681 -0.23959720399661416 0.7118169855937794 -0.08870565652070514 -1000.0 0.5700298573338713 
-0.5274697829302237 -1.6438451251664103 0.6716873211289615 -0.18497866837515176 0.7634904112128383 0.44101843547257336 -1000.0 -0.7137941348513419 
1.4559378226048794 -0.6598478494585884 -0.10063335792637643 -1.1607491224715185 0.3678458305388808 0.5369342162116142 -1000.0 -0.5675529782829877 
0.08225071108727805 -1000.0 0.08909469786245214 -1000.0 0.08998546515227028 0.08115405958099964 -1000.0 -0.09993828178304448 
0.09552299365702424 0.08002720539059766 0.09279724757391059 0.09022343195677135 0.09239378342534199 0.07756720114315285 -1000.0 -0.0997907870571548 
0.10180681197353386 0.08142406333695394 0.08369235648009886 0.08962406643360216 0.09504128867324446 0.08169584445555841 -1000.0 -0.10001823253110584 
0.0972321175917027 0.037574202224578676 0.0884626565889941 0.07141080497518344 0.08177165275437971 0.07939322757973469 -1000.0 -0.09784550446349213 
0.10758864554695276 0.08997263708914265 0.09440910436589975 0.08366933356861245 0.07568679236688221 0.07726078378728231 -1000.0 -0.0999667565168528 
-0.51228535264552 -1000.0 1.1283729842361943 -1000.0 -2.329113635580432 0.3205890309952904 -1000.0 -0.09100686455300815 
1.1290517242167244 -0.19487996210862535 -0.7118723289703375 -0.5727257285115509 1.6435930757531283 1.2385646500218541 -1000.0 0.9137510479663219 
-1.5323500221884163 -0.7867239867678285 0.8137377341819576 0.7517244281310328 1.1304523199404664 -0.11861359654860838 -1000.0 1.117342521401449 
-1.6056656668615668 -1.4924073709690948 -1.7079816644506522 -0.2767733019579355 -0.8700883671684604 -0.8118354900788336 -1000.0 -0.19493030288044105 
-1.1359921608401142 -0.057860445408424076 0.8112523056828936 0.16912015302420522 1.3942802222397686 -0.10446875767843121 -1000.0 -0.5894811165514764 
0.10000000000000006 -1000.0 0.08099999994377947 -1000.0 0.08999999999999993 0.08099999999999996 -1000.0 -0.10000000000000006 
0.09000000000000007 0.0729871270344444 0.09173677101095314 0.08100000000000014 0.07305670026432905 0.07520197119192665 -1000.0 -0.10000000000000006 
0.08999999999999998 0.07304828149183384 0.09555455831795473 0.07290393261805042 0.08100009863498489 0.07355698379011898 -1000.0 -0.09999999999999995 
0.081 0.07294140819103662 0.08910800678452019 0.07290074770926089 0.07290009173997307 0.08100520001783056 -1000.0 -0.09999999999999995 
0.08100000000000007 0.08100000000000009 0.09850115462869483 0.07294508550557464 0.07290000151514239 0.0729064035412495 -1000.0 -0.10000000000000006 
-1.0 -1.0 -1.0 -1.0 -1.0 -1.0 -1.0 -1.0 
-1000.0 -0.09999999999999995 -1000.0 -1000.0 0.08100000000000007 -1000.0 -1000.0 -1000.0 
-1000.0 -0.7345774162708171 -1000.0 -1000.0 0.5829853234535994 -1000.0 -1000.0 -1000.0 
-1000.0 0.10000000000000006 -1000.0 -1000.0 0.08100000000000014 -1000.0 -1000.0 -1000.0 
-1000.0 0.0729000000000001 -1000.0 -1000.0 0.08999999999999998 -1000.0 -1000.0 -1000.0 
-0.09999999999999995 -1000.0 -1000.0 -1000.0 0.08100000000000014 -1000.0 -1000.0 -1000.0 
-0.10000000000000006 0.07290000000000016 -1000.0 -1000.0 0.07290000000000017 -1000.0 -1000.0 -1000.0 
-0.10000000000000006 0.07290000000000017 -1000.0 -1000.0 0.07290000000000017 -1000.0 -1000.0 -1000.0 
-0.09999999999999995 0.07290000000000017 -1000.0 -1000.0 0.07290000000000017 -1000.0 -1000.0 -1000.0 
-0.10000000000000006 0.06561000000000021 -1000.0 -1000.0 0.0729000000000001 -1000.0 -1000.0 -1000.0 
2.874742181554602 -1000.0 -1000.0 -1000.0 2.061887284762724 -1000.0 -1000.0 -1000.0 
-0.08479539558350054 -1.6112490021322345 -1000.0 -1000.0 1.942234221667485 -1000.0 -1000.0 -1000.0 
0.9617043740056016 -0.8204282134356454 -1000.0 -1000.0 0.03562705121052112 -1000.0 -1000.0 -1000.0 
-0.009561809811986165 0.19010398353623922 -1000.0 -1000.0 1.0239791013881732 -1000.0 -1000.0 -1000.0 
-0.7023027996780701 -1.7336653120432655 -1000.0 -1000.0 -0.5879719560610319 -1000.0 -1000.0 -1000.0 
0.10000000000000006 -1000.0 -1000.0 -1000.0 0.08100000000000007 -1000.0 -1000.0 -1000.0 
0.0729000000000001 -0.10000000000000006 -1000.0 -1000.0 0.081 -1000.0 -1000.0 -1000.0 
0.08100000000000014 -0.09999999999999995 -1000.0 -1000.0 0.0729000000000001 -1000.0 -1000.0 -1000.0 
-0.09999999999999995 -0.09999999999999995 -1000.0 -1000.0 0.0729000000000001 -1000.0 -1000.0 -1000.0 
0.08999999999999998 -0.09999999999999995 -1000.0 -1000.0 0.08100000000615196 -1000.0 -1000.0 -1000.0 
0.07290000000000017 -1000.0 -1000.0 -1000.0 0.09000000000000012 -1000.0 -1000.0 -1000.0 
0.06561000000000021 0.0729000000000001 -1000.0 -1000.0 0.06561000000000014 -1000.0 -1000.0 -1000.0 
0.081 -0.09000000000000012 -1000.0 -1000.0 0.08100000000000014 -1000.0 -1000.0 -1000.0 
0.07290000000000016 0.09000000000000007 -1000.0 -1000.0 0.0729000000000001 -1000.0 -1000.0 -1000.0 
0.07290000000000017 0.06561000000000014 -1000.0 -1000.0 -0.09000000000000012 -1000.0 -1000.0 -1000.0 
-1.0 -1.0 -1.0 -1.0 -1.0 -1.0 -1.0 -1.0 
-1000.0 -0.08999999999999993 -1000.0 0.08100000000000007 -1000.0 0.08999999999999998 -1000.0 -1000.0 
-1000.0 1.0592290212668753 -1000.0 -0.6037950787049825 -1000.0 -1.251883190461282 -1000.0 -1000.0 
-1000.0 0.09999999999999995 -1000.0 0.08999999999999993 -1000.0 -0.08999999999999993 -1000.0 -1000.0 
-1000.0 0.08100000000000007 -1000.0 0.09999999999999995 -1000.0 0.081 -1000.0 -1000.0 
-0.09000000000000007 -1000.0 0.08100000000000014 -1000.0 -1000.0 0.09000000000000012 -1000.0 -1000.0 
0.06561000000000014 0.07290000000000017 0.0729000000000001 0.08100000000000014 -1000.0 0.06561000000000021 -1000.0 -1000.0 
0.05904900000000021 0.08100000000000014 0.07290000000000017 0.07290000000000017 -1000.0 0.07290000000000017 -1000.0 -1000.0 
0.06561000000000014 0.08100000000000007 0.07290000000000017 0.08100000000000014 -1000.0 0.08100000000000007 -1000.0 -1000.0 
0.0729000000000001 0.0729000000000001 0.07290000000000008 0.08100000000000007 -1000.0 0.0729000000000001 -1000.0 -1000.0 
-1.8021715225019568 -1000.0 0.5626077039995462 -1000.0 -1000.0 0.5583240568439762 -1000.0 -1000.0 
1.0136012204805276 -0.7076939741814873 1.8328614259754754 -1.2556351611338985 -1000.0 0.2827561918295603 -1000.0 -1000.0 
0.4413733436333286 0.5775866645022 -0.4275189449526336 0.562459381162196 -1000.0 -1.1068838426941539 -1000.0 -1000.0 
0.5591939534902823 0.278049671348571 -0.5920352182344314 0.5536807041465467 -1000.0 0.9821651727286842 -1000.0 -1000.0 
-0.2610643050632213 0.0021459610083241418 -0.5658428848440322 0.39956380093681676 -1000.0 0.6256764195091573 -1000.0 -1000.0 
0.09999999999999995 -1000.0 0.08999999999999993 -1000.0 -1000.0 -0.09000000000000012 -1000.0 -1000.0 
0.08100000000000007 0.06561000000000014 0.07290000000000017 0.05904900000000021 -1000.0 0.06561000000000014 -1000.0 -1000.0 
0.08100000000000007 0.0729000000000001 0.08100000000000014 0.06561000000000014 -1000.0 0.05904900000000021 -1000.0 -1000.0 
-0.08999999999999998 -0.09000000000000007 0.07290000000000017 0.0729000000000001 -1000.0 0.06561000000000014 -1000.0 -1000.0 
0.08999999999999993 0.06561000000000014 0.08100000000000002 -0.09000000000000012 -1000.0 0.0729000000000001 -1000.0 -1000.0 
0.08100000000000007 -1000.0 0.09999999999999995 -1000.0 -1000.0 0.08100000000000013 -1000.0 -1000.0 
0.0729000000000001 0.07290000000000017 0.08100000000000007 0.08100000000000014 -1000.0 0.06561000000000014 -1000.0 -1000.0 
0.08100000000000014 0.08100000000000002 0.08100000000000007 0.07290000000000017 -1000.0 0.07290000000000017 -1000.0 -1000.0 
0.07290000000000017 0.08999999999999998 -0.08999999999999993 0.08100000000000002 -1000.0 0.08100000000000013 -1000.0 -1000.0 
0.08100000000000014 0.07290000000000017 0.08999999999999993 0.08999999999999993 -1000.0 0.06561000000000021 -1000.0 -1000.0 
-1.0 -1.0 -1.0 -1.0 -1.0 -1.0 -1.0 -1.0 
-1000.0 0.08999999999999998 -1000.0 0.08999999999999998 0.08999999999999998 -0.10000000000000006 -1000.0 -1000.0 
-1000.0 1.3464912774122446 -1000.0 -0.4039058416746794 -2.416049012864973 -0.17247476191193023 -1000.0 -1000.0 
-1000.0 0.10000000000000006 -1000.0 0.10000000000000006 0.08099999999999996 0.09000000000000012 -1000.0 -1000.0 
-1000.0 0.08100000000000014 -1000.0 0.08100000000000014 0.08999999999999998 0.081 -1000.0 -1000.0 
0.08999999999999998 -1000.0 0.08999999999999998 -1000.0 0.09000000000000012 -0.10000000000000006 -1000.0 -1000.0 
0.07290000000000008 0.08100000000000014 0.07290000000000008 0.08100000000000014 0.07290000000000017 -0.10000000000000006 -1000.0 -1000.0 
0.07290000000000017 0.0729000000000001 0.07290000000000017 0.0729000000000001 0.07290000000000017 -0.09999999999999995 -1000.0 -1000.0 
0.06561000000000014 0.08100000000000007 0.06561000000000014 0.08100000000000007 0.081 -0.09999999999999995 -1000.0 -1000.0 
0.081 0.07290000000000017 0.081 0.07290000000000017 0.08100000000000007 -0.09999999999999995 -1000.0 -1000.0 
0.8465395205426071 -1000.0 1.4845806824909022 -1000.0 -0.8988770264120973 1.4662586824943118 -1000.0 -1000.0 
-0.10103479274520524 -0.023980581429496623 -0.6295525752365473 0.2125087089391116 0.07216008082674913 -1.3722737746936118 -1000.0 -1000.0 
-0.4013010161258024 0.933865360646446 -0.1969473141901496 1.8331004698158415 0.9950721719784195 -0.7853512571775578 -1000.0 -1000.0 
0.32244920354129575 -1.5004473189891119 0.9431068361689129 -0.333620410873348 -0.7812303619685731 -0.3118961959454428 -1000.0 -1000.0 
1.5977868015175887 -2.1346422760856507 -0.5090878274314807 -1.2979258403425336 -0.28914608683181603 0.22344734530229587 -1000.0 -1000.0 
0.10000000000000006 -1000.0 0.09999999999999995 -1000.0 0.08100000000000009 0.09000000000000012 -1000.0 -1000.0 
0.08100000000000014 0.06561000000000014 0.08100000000000014 0.06561000000000014 0.06561000000000014 0.07290000000000008 -1000.0 -1000.0 
0.08100000000000014 0.081 0.08100000000000014 0.081 0.07290000000000017 0.07290000000000017 -1000.0 -1000.0 
0.08999999999999998 0.08999999999999998 0.08999999999999998 0.08999999999999998 0.0729000000000001 0.06561000000000014 -1000.0 -1000.0 
0.08999999999999998 0.07290000000000008 0.08999999999999998 0.07290000000000008 0.0729000000000001 0.08100000000000007 -1000.0 -1000.0 
0.08100000000000007 -1000.0 0.08100000000000007 -1000.0 0.08999999999999998 0.081 -1000.0 -1000.0 
0.07290000000000017 0.08100000000000007 0.07290000000000017 0.08100000000000007 0.07290000000000017 0.06561000000000021 -1000.0 -1000.0 
0.08100000000000014 0.07290000000000016 0.08100000000000014 0.07290000000000016 0.07290000000000017 0.07290000000000017 -1000.0 -1000.0 
0.08100000000000014 0.09000000000000012 0.08100000000000014 0.09000000000000012 0.08100000000000007 0.07290000000000016 -1000.0 -1000.0 
0.0729000000000001 0.07290000000000016 0.0729000000000001 0.07290000000000016 0.081 0.07290000000000008 -1000.0 -1000.0 
-1.0 -1.0 -1.0 -1.0 -1.0 -1.0 -1.0 -1.0 
-1000.0 0.08100000000000007 -1000.0 0.08999999999999993 -1000.0 0.08100000000000014 -0.09999999999999995 -1000.0 
-1000.0 0.7498909975607893 -1000.0 -0.1819320627036379 -1000.0 -0.8947706480684645 1.3119126666531784 -1000.0 
-1000.0 0.10000000000000006 -1000.0 0.0729000000000001 -1000.0 0.08999999999999993 -0.10000000000000006 -1000.0 
-1000.0 0.0729000000000001 -1000.0 0.08999999999999998 -1000.0 0.08999999999999998 -0.09999999999999995 -1000.0 
0.08100000000000014 -1000.0 0.08999999999999993 -1000.0 -1000.0 0.08100000000000007 -0.10000000000000006 -1000.0 
0.07290000000000017 0.0729000000000001 0.0729000000000001 0.07290000000000017 -1000.0 0.0729000000000001 -0.09999999999999995 -1000.0 
0.06561000000000021 0.07290000000000017 0.08100000000000014 0.07290000000000017 -1000.0 0.05904900000000021 -0.10000000000000006 -1000.0 
0.07290000000000017 0.07290000000000017 0.07290000000000017 0.06561003283863807 -1000.0 0.06561001060093069 -0.09999999999999995 -1000.0 
0.06561000000000021 0.06561000000000021 0.07290000000000008 0.08100000000000014 -1000.0 0.06561000000000021 -0.10000000000000006 -1000.0 
0.5449700483529557 -1000.0 1.1744127449193122 -1000.0 -1000.0 0.5557218818087788 0.5177261803649285 -1000.0 
0.09182705425052197 -0.9003668137743159 -1.382945964360956 1.1471429681518694 -1000.0 -0.05733284634763714 -0.6117039293789578 -1000.0 
0.9676268026968525 -0.9516143377278473 0.3903033139729513 -0.14166804639974243 -1000.0 0.2009025058215985 0.19180243631046215 -1000.0 
0.11506395656231781 0.9760936539477151 -0.02830478895220257 -0.9444224180714736 -1000.0 -0.7878935445057631 -0.9233351011771691 -1000.0 
1.202498496635942 -0.18361103804687692 -1.722863766538847 0.37012990475547974 -1000.0 0.9710741814142925 -0.9549235157451031 -1000.0 
0.09999999999999995 -1000.0 0.07290000000000017 -1000.0 -1000.0 0.08999999999999998 -0.10000000000000006 -1000.0 
0.0729000000000001 0.07290000000000017 0.06561000000000021 0.06561000000000021 -1000.0 0.0729000000000001 -0.09999999999999995 -1000.0 
0.08999999999999998 0.06561000000000021 0.08100000000000014 0.08100000000000014 -1000.0 0.07290000000000017 -0.10000000000000006 -1000.0 
0.08100000000000007 0.08100000000000014 0.07290000000000013 0.07290000000000017 -1000.0 0.06561000000000021 -0.10000000000000006 -1000.0 
0.08999999999999998 0.07290000000000017 0.07290000000000017 0.06561000000000021 -1000.0 0.081 -0.09999999999999995 -1000.0 
0.07290000000000017 -1000.0 0.09000000000000012 -1000.0 -1000.0 0.08999999999999998 -0.10000000000000006 -1000.0 
0.06561000000000021 0.07290000000000545 0.08100000000000007 0.07290000000000008 -1000.0 0.08100000000000007 -0.10000000000000006 -1000.0 
0.08100000000000014 0.07290000000000008 0.08100000000000014 0.08999999999999998 -1000.0 0.08100000000000007 -0.09999999999999995 -1000.0 
0.0729004325902214 0.08999999999999998 0.08100149180078146 0.07290005585666419 -1000.0 0.07290197916284366 -0.10000000000000006 -1000.0 
0.07290000000000017 0.0729000000000001 0.07290000000000017 0.08100000000000014 -1000.0 0.08100000000000007 -0.09999999999999995 -1000.0 
-1.0 -1.0 -1.0 -1.0 -1.0 -1.0 -1.0 -1.0 
-1000.0 0.08100000000000007 -1000.0 0.10000000000000006 0.08999999999999998 -1000.0 0.0729000000000001 0.0729000000000001 
-1000.0 -1.9528946356275736 -1000.0 -0.4868597699221753 0.5632847866628222 -1000.0 -1.6383147543996135 -0.7403132675511476 
-1000.0 0.09999999999999995 -1000.0 0.08099999999999996 0.08100000000000014 -1000.0 0.08100000000000007 0.08100000000000007 
-1000.0 0.08999999999999998 -1000.0 0.08099999999999996 0.08100000000000007 -1000.0 -0.10000000000000006 -0.10000000000000006 
0.08100000000000007 -1000.0 0.09999999999999995 -1000.0 0.09000000000000012 -1000.0 0.07290000000000017 0.07290000000000017 
0.08100000000000007 0.07290008676358478 0.08999999999999993 0.08999999999999998 0.06561000000000021 -1000.0 0.06561000000000021 0.06561000000000021 
0.0729000000000001 0.0729000000000001 0.08100000000000007 0.08100000000000014 0.08100000000000014 -1000.0 0.06561000000000021 0.06561000000000021 
0.06561000000000021 0.08999999999999998 0.08100000000000007 0.08100000000000014 0.08100000000000014 -1000.0 0.06561000000000021 0.06561000000000021 
0.0729000000000001 0.08100000000000014 0.08999999999999998 0.07290000000000017 0.07290000000000017 -1000.0 0.06561000000000014 0.06561000000000014 
0.16895038969109355 -1000.0 -0.5839706888409131 -1000.0 1.186268797088107 -1000.0 -0.026309842680498723 -0.7598095043110116 
-0.16547368078665944 -2.6050658543155465 -0.9954417818506479 -0.713774402032278 0.24869363207983547 -1000.0 0.1723123872686523 -0.3169675847397711 
-1.4502928914943602 -1.8975785285853966 1.2182812486913246 2.3347461802428913 -0.5777265256978257 -1000.0 -0.300192511646709 -1.527758111964204 
-0.8812833187221052 -0.9723351937601314 -0.9693959615286317 -2.1590715361122816 -1.262282908098481 -1000.0 0.044357950423864735 -0.5667748423310914 
-0.80195438923736 -1.9122540680539875 -0.4120752559647715 2.5553653137632217 1.1504521541413621 -1000.0 0.18945682928323768 -0.32065198591062305 
0.09849181577926427 -1000.0 0.10384652665037201 -1000.0 0.08166702768992905 -1000.0 0.06075156957433295 0.08257879192318668 
0.09009126822818227 0.08036515158197824 0.10204758890652622 0.08116522525182393 0.09197190436729083 -1000.0 0.09796779499557562 0.10365590020771823 
0.08109345798288278 0.07542200872061644 0.1003222562858415 0.08273620992076164 0.07609314461651913 -1000.0 0.07316739812671973 0.07469303817970833 
0.08099574682232691 0.0809995883596194 0.11516930005589288 0.0739408079748516 0.07803826222550218 -1000.0 0.0678382518893106 0.06984839353235979 
-0.356069270878417 -0.2913666787224134 -0.2833136701235999 0.579539617257301 0.015144417768688339 -1000.0 1.7228347386532403 -1.6953191485771242 
0.08999999999999998 -1000.0 0.08099999999999996 -1000.0 0.08100000000000009 -1000.0 -0.09999999999999995 -0.10000000000000006 
0.08101827057511264 0.08137511668615931 0.08100000000000968 0.09000000000000012 0.0729000000002548 -1000.0 -0.09999999999999995 -0.09999999999999995 
0.08105932138083692 0.08910631347555745 0.0729000000000001 0.08516860237049002 0.08100000000000007 -1000.0 -0.09999999999999995 -0.09999999999999995 
0.07341044848098374 0.09000000000000012 0.06561000004398129 0.08755847026996828 0.08100000000178453 -1000.0 -0.09999999999999995 -0.09999999999999995 
0.07640546028373955 0.08452177645129977 0.07290000018186811 0.08429263884861325 0.07290014635606512 -1000.0 -0.10000000000000006 -0.10000000000000006 
-1.0 -1.0 -1.0 -1.0 -1.0 -1.0 -1.0 -1.0 
-1000.0 0.08100000000000007 -1000.0 -1000.0 0.08100000000000007 0.08100000000000007 -1000.0 -1000.0 
-1000.0 0.10000000000000006 -1000.0 -1000.0 0.08100000000000007 0.08999999999999998 -1000.0 -1000.0 
-1000.0 -0.6993941931463531 -1000.0 -1000.0 0.769314426676835 -0.7755658582126408 -1000.0 -1000.0 
-1000.0 -0.09999999999999995 -1000.0 -1000.0 0.08999999999999993 0.081 -1000.0 -1000.0 
0.08100000000000014 -1000.0 -1000.0 -1000.0 0.08100000000000007 0.08100000000000014 -1000.0 -1000.0 
0.06561000000000014 0.0729000000000001 -1000.0 -1000.0 0.0729000000000001 0.07290000000000017 -1000.0 -1000.0 
0.07290000000000017 0.08999999999999993 -1000.0 -1000.0 0.08100000000000014 0.06561000000000021 -1000.0 -1000.0 
0.08100000000000013 0.06561000046622617 -1000.0 -1000.0 0.07290000000000017 0.0729000000000001 -1000.0 -1000.0 
0.06561000000000021 0.07290000000000017 -1000.0 -1000.0 0.08100000000000014 0.0729000000000001 -1000.0 -1000.0 
0.10000000000000006 -1000.0 -1000.0 -1000.0 0.08100000000000014 0.09000000000000012 -1000.0 -1000.0 
0.08999999999999998 -0.09999999999999995 -1000.0 -1000.0 0.0729000000000001 0.08100000000000007 -1000.0 -1000.0 
-0.09999999999999995 -0.09999999999999995 -1000.0 -1000.0 0.07290000000000017 0.07290000000000017 -1000.0 -1000.0 
-0.09000000000000007 -0.10000000000000006 -1000.0 -1000.0 0.07290000000000017 0.08100000000000014 -1000.0 -1000.0 
0.08100000000000007 -0.10000000000000006 -1000.0 -1000.0 0.07290000000000008 0.0729000000000001 -1000.0 -1000.0 
1.940187462382124 -1000.0 -1000.0 -1000.0 -0.4390406494217014 0.4849576724268805 -1000.0 -1000.0 
0.07483192271608699 -1.27634298252824 -1000.0 -1000.0 0.36836383115602794 -0.22052280597439383 -1000.0 -1000.0 
1.1000034283665452 -1.368230185190617 -1000.0 -1000.0 -1.3187853288995368 1.907175400977074 -1000.0 -1000.0 
-1.0418480429932973 -0.1337995203769803 -1000.0 -1000.0 -0.15512120870362806 -0.308010315904666 -1000.0 -1000.0 
-0.8172164896914681 0.5543845920144216 -1000.0 -1000.0 -1.0111989522849938 -0.7113353208260473 -1000.0 -1000.0 
-0.10000000000000006 -1000.0 -1000.0 -1000.0 0.08999999999999993 0.08100000000000013 -1000.0 -1000.0 
-0.09999999999999995 0.06561006176686038 -1000.0 -1000.0 0.07290000000000017 0.06561002113721645 -1000.0 -1000.0 
-0.10000000000000006 0.08100000000000014 -1000.0 -1000.0 0.08100000000000014 0.07290000000000017 -1000.0 -1000.0 
-0.10000000000000006 0.06561000000000014 -1000.0 -1000.0 0.07290000000000017 0.08100000000000013 -1000.0 -1000.0 
-0.09999999999999995 0.07290000000000017 -1000.0 -1000.0 0.08100000000000002 0.06561000000000021 -1000.0 -1000.0 
-1.0 -1.0 -1.0 -1.0 -1.0 -1.0 -1.0 -1.0 
-1000.0 0.08999999999999998 -1000.0 0.0729000000000001 0.08100000000000014 -1000.0 -0.10000000000000006 -1000.0 
-1000.0 0.10000000000000006 -1000.0 0.08099999999999996 0.08100000000000014 -1000.0 0.0729000000000001 -1000.0 
-1000.0 2.0392056134605783 -1000.0 0.7241400045461889 -0.33416866884863866 -1000.0 0.3603459917295966 -1000.0 
-1000.0 0.0729000000000001 -1000.0 0.09999999999999995 0.08999999999999998 -1000.0 0.081 -1000.0 
0.08999999999999998 -1000.0 0.0729000000000001 -1000.0 0.08100000000000007 -1000.0 -0.09999999999999995 -1000.0 
0.07290000000000017 0.08100000000000007 0.0729000000000001 0.07290000000000017 0.07290000000000017 -1000.0 -0.10000000000000006 -1000.0 
0.07290000000000017 0.09000000000000012 0.06561000000000021 0.081 0.08100000000000014 -1000.0 -0.09999999999999995 -1000.0 
0.08100000000000007 0.07290000000000017 0.06561000000000014 0.08100000000000007 0.08100000000000014 -1000.0 -0.09999999999999995 -1000.0 
0.081 0.07290000000000017 0.08100000000000007 0.09000000000000012 0.0729000000000001 -1000.0 -0.09999999999999995 -1000.0 
0.10000000000000006 -1000.0 0.08100000000000014 -1000.0 0.08100000000000014 -1000.0 0.0729000000000001 -1000.0 
0.08999999999999998 0.08100000000000007 0.06561000000000014 0.06561000000000021 0.07290000000000017 -1000.0 0.0729000000000001 -1000.0 
0.0729000000000001 0.0729000000000001 0.07290000000000017 0.06561000000000014 0.07290000000000017 -1000.0 0.06561000000000021 -1000.0 
0.08100000000000007 0.0729000000000001 0.0729000000000001 0.08100000000000007 0.0729000000000001 -1000.0 0.06561000000000014 -1000.0 
0.08999999999999998 0.06561000000000021 0.0729000000000001 0.0729000000000001 0.07290000000000017 -1000.0 0.08100000000000007 -1000.0 
-0.7005107440727395 -1000.0 -0.6694162601317531 -1000.0 0.32949905558394227 -1000.0 -1.386568283266681 -1000.0 
-0.6539544118709352 -0.40550791309379175 0.9396781877141485 0.7889864490263291 0.04657623530636865 -1000.0 -0.5355968672322154 -1000.0 
0.4238874155466548 -1.0305476026574525 0.9630473434854271 -0.6001676996248657 -0.14766851913285128 -1000.0 1.5846691981884005 -1000.0 
0.6347831545530904 -0.6264922583348335 -0.9791076341001533 -0.6951834608115368 -0.7717379787755437 -1000.0 0.3610338064265585 -1000.0 
1.0022396909753382 -0.8887997792131861 -1.023700957638198 0.3519573240860078 1.603982186660378 -1000.0 1.8532711920957605 -1000.0 
0.0729000000000001 -1000.0 0.09999999999999995 -1000.0 0.09000000000000012 -1000.0 0.081 -1000.0 
0.0729000000000001 0.081 0.08999999999999998 0.07290000000000017 0.07290000000000016 -1000.0 0.06561000000000021 -1000.0 
0.06561000000000021 0.08999999999999998 0.0729000000000001 0.08100000000000007 0.08100000000000007 -1000.0 0.07290000000000017 -1000.0 
0.06561000000000014 0.07290000000000017 0.08099999999999996 0.081 0.08100000000000007 -1000.0 0.07290000000000016 -1000.0 
0.08100000000000007 0.07290000000000017 0.08999999999999998 0.08999999999999998 0.07290000000000016 -1000.0 0.07290000000000008 -1000.0 
-1.0 -1.0 -1.0 -1.0 -1.0 -1.0 -1.0 -1.0 
-1000.0 0.08100000000000007 -1000.0 0.09000000000000012 -1000.0 0.09000000000000012 -0.10000000000000006 -1000.0 
-1000.0 0.09999999999999995 -1000.0 0.08100000000000007 -1000.0 0.08999999999999998 -0.10000000000000006 -1000.0 
-1000.0 -1.0672518792257173 -1000.0 1.2043271350242388 -1000.0 0.04920809496636008 1.3970514690737368 -1000.0 
-1000.0 0.08100000000000014 -1000.0 0.08999999999999998 -1000.0 0.08100000000000007 -0.10000000000000006 -1000.0 
0.08100000000000007 -1000.0 0.08999999999999998 -1000.0 -1000.0 0.08999999999999998 -0.10000000000000006 -1000.0 
0.0729000000000001 0.0729000000000001 0.07290000000000017 0.08100000000000014 -1000.0 0.08100000000000007 -0.10000000000000006 -1000.0 
0.07290000000000017 0.09000000000000012 0.08100000000000007 0.0729000000000001 -1000.0 0.07290000000000017 -0.10000000000000006 -1000.0 
0.08100000000000014 0.06561000000000021 0.08100000000000007 0.09000000000000012 -1000.0 0.08100000000000007 -0.10000000000000006 -1000.0 
0.07290000000000008 0.07290000000000017 0.08100000000000007 0.06561000000000021 -1000.0 0.08100000000000007 -0.09999999999999995 -1000.0 
0.10000000000000006 -1000.0 0.08100000000000007 -1000.0 -1000.0 0.09000000000000012 -0.09999999999999995 -1000.0 
0.08999999999999998 0.0729000000000001 0.0729000000000001 0.07290000000000017 -1000.0 0.08100000000000014 -0.09999999999999995 -1000.0 
0.08100000000000014 0.08100000000000014 0.07290000000000017 0.0729000000000001 -1000.0 0.07290000000000017 -0.10000000000000006 -1000.0 
0.09000000000000012 0.0729000000000001 0.08100000000000014 0.08100000000000014 -1000.0 0.07290000000000017 -0.09999999999999995 -1000.0 
0.08100000000000007 0.07290000000000017 0.07290000000000008 0.0729000000000001 -1000.0 0.0729000000000001 -0.09999999999999995 -1000.0 
-0.6181857169836429 -1000.0 0.47195743633413023 -1000.0 -1000.0 -1.3972877432449053 1.2856318451997089 -1000.0 
-1.3370901927031718 1.4757545306524043 -1.182122042935525 0.876156387807755 -1000.0 -0.37537354601407336 1.155388628268094 -1000.0 
-0.23250605861948534 0.9029206376900422 0.7064482531407905 0.5355258848751652 -1000.0 0.1546923564913614 0.4006438412630536 -1000.0 
-0.9799853912928088 0.27141752593863083 -0.15857549819836644 1.967446224367975 -1000.0 1.0279831385269824 0.913772316696749 -1000.0 
-0.6634043603812076 -1.5765515249443571 1.0718396761871996 2.283966015732242 -1000.0 0.07800354894972095 0.7133228563313869 -1000.0 
0.08100000000000014 -1000.0 0.09000000000000012 -1000.0 -1000.0 0.08100000000000014 -0.10000000000000006 -1000.0 
0.0729000000000001 0.07290000000000008 0.06561000000000021 0.08100000000000014 -1000.0 0.07290000000000008 -0.10000000000000006 -1000.0 
0.0729000000125751 0.08100000000000007 0.07290000037556388 0.07290004645220373 -1000.0 0.07290000742839083 -0.10000000000000006 -1000.0 
0.07297849153300778 0.07306760426912687 0.08100000000003144 0.08100000000000007 -1000.0 0.07294343226631016 -0.09999999999999995 -1000.0 
0.07290007826974462 0.07290005957569005 0.07290004625461755 0.07290006834136106 -1000.0 0.07290007848222295 -0.10000000000000006 -1000.0 
-1.0 -1.0 -1.0 -1.0 -1.0 -1.0 -1.0 -1.0 
-1000.0 0.08100000000000007 -1000.0 0.08100000000000007 0.0729000000000001 0.0729000000000001 0.0729000000000001 -1000.0 
-1000.0 0.09999999999999995 -1000.0 0.10000000000000006 0.08100000000000007 0.09000000000000012 0.09000000000000012 -1000.0 
-1000.0 0.6207369669113175 -1000.0 0.47231672081188586 -1.6621394810905699 2.703342739244614 0.4478800558715816 -1000.0 
-1000.0 0.09000000000000012 -1000.0 0.09000000000000012 0.08100000000000007 -0.10000000000000006 -0.10000000000000006 -1000.0 
0.08100000000000014 -1000.0 0.08100000000000014 -1000.0 0.07290000000000017 0.07290000000000017 0.07290000000000017 -1000.0 
0.0729000000000001 0.07290000000000017 0.0729000000000001 0.07290000000000017 0.06561000000000021 0.06561000000000021 0.06561000000000021 -1000.0 
0.08100000000000007 0.09000000000000012 0.08100000000000007 0.09000000000000012 0.06561000000000021 0.06561000000000021 0.06561000000000021 -1000.0 
0.08100000000000007 0.06561012166793291 0.08100000000000007 0.06561023950195415 0.06561008568958514 0.06561010280808996 0.06561001880907745 -1000.0 
0.07290000000000017 0.08100000000000014 0.07290000000000017 0.08100000000000014 0.06561000000000014 0.06561000000000014 0.06561000000000014 -1000.0 
0.10000000000000006 -1000.0 0.10000000000000006 -1000.0 0.08100000000000007 0.08999999999999998 0.09000000000000012 -1000.0 
0.08999999999999998 0.07290000000000008 0.08999999999999998 0.07290000000000008 0.07290000000000017 0.08100000000000007 0.08100000000000007 -1000.0 
0.09000000000000012 0.08999999999999998 0.09000000000000012 0.08999999999999998 0.07290000000000017 0.06561000000000021 0.06561000000000021 -1000.0 
0.08100000000000014 0.08100000000000007 0.08100000000000014 0.08100000000000007 0.08100000000000014 0.07290000000000017 0.07290000000000017 -1000.0 
0.08100000000000007 0.06561000000000021 0.08100000000000007 0.06561000000000021 0.08100000000000014 0.07290000000000008 0.0729000000000001 -1000.0 
-0.9372356677310502 -1000.0 -0.3428515706053788 -1000.0 0.6171138997384868 1.9477112464760171 0.6411453716209711 -1000.0 
0.7858236914607335 0.354037788067536 0.8343328682153597 -1.2067268655920667 -1.3154319671786678 -0.394766419680577 1.170187114513729 -1000.0 
-0.9492566757077981 0.213289939086071 -0.3522345623913855 -1.4393991792677827 0.10750881672905573 1.0259184711136107 -2.713940644852668 -1000.0 
0.5331736264700309 -0.5216692153542744 0.4144717856069544 1.2547583018820814 -1.0032401515408018 -0.2876290501915096 -0.24504518807747352 -1000.0 
-0.01309755768219644 0.5315345351031873 -0.12833649381221784 0.4114182565984363 0.09809311203542331 1.1338349532476764 -0.3044385639544715 -1000.0 
0.08999999999999998 -1000.0 0.08999999999999998 -1000.0 0.08100000000000014 -0.09999999999999995 -0.10000000000000006 -1000.0 
0.08100000000000007 0.07290000096747305 0.08100000000000007 0.07290002228003149 0.0729000020773624 -0.09999999999999995 -0.09999999999999995 -1000.0 
0.0656100000000293 0.08100000000000014 0.06561000000002834 0.08100000000000014 0.0729000000005107 -0.10000000000000006 -0.09999999999999995 -1000.0 
0.07290065516843586 0.07290061789187309 0.07290064171487973 0.07290075293636758 0.07290064521369086 -0.09999999999999995 -0.09999999999999995 -1000.0 
0.07290061829852769 0.0810000000000008 0.07290014264699442 0.08100000000000085 0.06562004741868385 -0.10000000000000006 -0.09999999999999995 -1000.0 
-1.0 -1.0 -1.0 -1.0 -1.0 -1.0 -1.0 -1.0 
-1000.0 0.08100000000000007 -1000.0 0.09999999999999995 -1000.0 0.0729000000000001 0.08100000000000007 0.0729000000000001 
-1000.0 0.09999999999999995 -1000.0 0.09000000000000012 -1000.0 0.08100000000000014 0.09000000000000012 0.08100000000000014 
-1000.0 0.022590762645819194 -1000.0 -0.2168149841086055 -1000.0 0.524382185271493 0.21114925659196607 -0.5598385065113622 
-1000.0 0.08099999999994752 -1000.0 0.08100000000000014 -1000.0 0.08999999999999976 0.08999999999999998 0.08999999999999993 
0.08100000000000007 -1000.0 0.09999999999999995 -1000.0 -1000.0 0.07290000000000017 0.08100000000000014 0.07290000000000017 
0.08100000000000014 0.07290000000000017 0.09000000000000012 0.09000000000000012 -1000.0 0.06561000000000021 0.07290000000000017 0.06561000000000021 
0.08049441199590993 0.09000000000000012 0.08100000000000014 0.08100000000000014 -1000.0 0.08100000000000014 0.07290000000000017 0.081 
0.08100000000000014 0.08100000000000014 0.08100000000000014 0.07290000000007797 -1000.0 0.07290000000000016 0.07290000000000017 0.07290000000000016 
0.07684290690856008 0.07290000000003617 0.08100000000000007 0.081 -1000.0 0.07290000000000056 0.07290000000000671 0.07290000000003165 
0.10000000000000006 -1000.0 0.09000000000000012 -1000.0 -1000.0 0.08100000000000014 0.09000000000000012 0.08100000000000014 
0.09000000000000012 0.07290000000004418 0.08100000000000032 0.08100000000000014 -1000.0 0.0729000000050544 0.08100000000008323 0.07290000000000847 
0.08100000000000014 0.08100000000000014 0.07290000000000017 0.0729000000000001 -1000.0 0.07290000000000017 0.06561000000000021 0.07290000000000017 
0.08100000000000014 0.0729000000000001 0.081 0.07290000000000017 -1000.0 0.06561000000000021 0.0729000000000001 0.06561000000000021 
0.08100000000000007 0.07290000000000017 0.07290000000000017 0.06561000000000021 -1000.0 0.0729000000000001 0.08100000000000007 0.0729000000000001 
-0.1798948946288239 -1000.0 -1.276863056853689 -1000.0 -1000.0 0.17046355273586136 0.7262603462585019 -0.34816133268119553 
-0.16867857591563687 -1.4081686692307547 -0.20036863597043217 1.2965718443103853 -1000.0 -0.24343397781042142 1.6973719797494529 0.16530966456948729 
0.626187209409933 -1.5194600960660565 -0.22598386287257174 -0.3980865681060395 -1000.0 -0.8751497323701773 -0.24037051113292998 -0.9263003011207466 
-0.6377335310390732 1.0261189091065246 -0.24658819150141637 0.13495817650159453 -1000.0 -1.1519302144567483 -0.34504495652298994 0.564779360959179 
0.20340385828298932 -1.707774602641991 0.4265743697414534 1.4599676422071572 -1000.0 -0.3082054705308975 -1.3409440490917939 1.410094381393017 
-1.7576257041703525 -1000.0 -1.2303563409028828 -1000.0 -1000.0 1.7153863007278385 -0.21057011345579857 -1.5029798075914493 
-0.8485035427373803 1.368924132637072 0.9754885128285625 0.46912981642648083 -1000.0 1.2838574061641057 1.4814211343220327 0.5137229512783364 
-1.0536558398108915 1.7487051963613622 0.14445910790525368 -0.7531691511425072 -1000.0 0.40026862500198845 -1.059445819895705 1.6923410690079135 
1.9693109794921033 0.08646067091515859 0.7261529499158855 0.7022355807886548 -1000.0 1.3341224822144573 0.4327118709542766 -1.355568713124161 
1.1944389093075014 0.11101895693784608 0.3175766633527318 -0.12659189722263817 -1000.0 0.5509097942093204 1.5142645269261281 -1.1791326708992071 
-1.0 -1.0 -1.0 -1.0 -1.0 -1.0 -1.0 -1.0 
-1000.0 0.09999999999999995 -1000.0 -1000.0 0.08999999999999998 0.08100000000000014 0.081 -1000.0 
-1000.0 -0.09999999999999995 -1000.0 -1000.0 0.0729000000000001 0.08100000000000014 0.09000000000000012 -1000.0 
-1000.0 0.0729000000000001 -1000.0 -1000.0 0.08099999999999996 0.08999999999999998 0.08100000000000014 -1000.0 
-1000.0 -1.4198596735339721 -1000.0 -1000.0 1.182577042130746 0.4748352722101088 -0.621911478016171 -1000.0 
0.09999999999999995 -1000.0 -1000.0 -1000.0 0.09000000000000012 0.08100000000000007 0.081 -1000.0 
-0.09999999999999995 -0.09999999999999995 -1000.0 -1000.0 0.07290000029451911 0.07290000025194153 0.06561654360715719 -1000.0 
0.0729000000000001 -0.09999999999999995 -1000.0 -1000.0 0.07290000000000017 0.08100000000000014 0.07290000000000382 -1000.0 
0.08999999999999984 -0.10000000000194562 -1000.0 -1000.0 0.08107125644593602 0.08138473003888887 0.06621562764055308 -1000.0 
0.081 -0.09999999999999995 -1000.0 -1000.0 0.08100000000000007 0.0729000000000001 0.07290000000000017 -1000.0 
-0.10000000000000006 -1000.0 -1000.0 -1000.0 0.0729000000000001 0.08100000000000014 0.09000000000000012 -1000.0 
-0.09999999999999995 0.0729000000000001 -1000.0 -1000.0 0.0729000000000001 0.07290000000000017 0.08100000000000007 -1000.0 
-0.10000000000000006 0.07290000000000017 -1000.0 -1000.0 0.06561000000000021 0.07290000000000017 0.08100000000000014 -1000.0 
-0.09999999999999995 0.06561000000000021 -1000.0 -1000.0 0.06561000000000014 0.0729000000000001 0.07290000000000017 -1000.0 
-0.09999999999999995 0.06561000000000014 -1000.0 -1000.0 0.08100000000000007 0.07290000000000017 0.07290000000000017 -1000.0 
0.0729000000000001 -1000.0 -1000.0 -1000.0 0.08100000000000014 0.08999999999999998 0.08100000000000007 -1000.0 
0.07290000000000017 0.09000000000000012 -1000.0 -1000.0 0.06561000000000014 0.07290000000000008 0.08100000000000007 -1000.0 
0.06561000000000021 0.07290000000000008 -1000.0 -1000.0 0.07290000000000017 0.07290000000000017 0.08100000000000007 -1000.0 
0.06561000000000014 0.07290000000000017 -1000.0 -1000.0 0.0729000000000001 0.06561000000000014 0.0729000000000001 -1000.0 
0.08100000000000014 0.06561000000000014 -1000.0 -1000.0 0.0729000000000001 0.081 0.07290000000000017 -1000.0 
1.1093399889547038 -1000.0 -1000.0 -1000.0 0.2768066735079428 0.1404916622695541 -1.2172332505332286 -1000.0 
1.9089912170065813 -0.7973321274855806 -1000.0 -1000.0 -0.2783625784254055 -1.815115822368519 -0.49219705592345997 -1000.0 
-0.0820521587513186 0.15605388518080812 -1000.0 -1000.0 0.9183210844293581 0.3120849337723505 -0.5759803055116087 -1000.0 
-1.071441862172682 -0.11428317062267353 -1000.0 -1000.0 0.14082137399115824 -1.3385096133226635 0.35491485186045907 -1000.0 
0.20865395037756332 0.6773626206195903 -1000.0 -1000.0 -0.2212358870161934 0.529972141968893 -0.9102814007196101 -1000.0 
-1.0 -1.0 -1.0 -1.0 -1.0 -1.0 -1.0 -1.0 
-1000.0 0.09999999999999995 -1000.0 0.07290000000000017 0.08999999999999998 0.0729000000000001 -1000.0 -0.09999999999999995 
-1000.0 0.08100000000000014 -1000.0 0.08999999999999993 0.08100000000000014 0.08999999999999998 -1000.0 -0.09999999999999995 
-1000.0 0.07290000000000017 -1000.0 0.08999999999999998 0.09000000000000012 0.08100000000000007 -1000.0 -0.10000000000000006 
-1000.0 -0.6257055858468602 -1000.0 1.0536287399772364 0.5350172614907566 -0.010617460664100409 -1000.0 0.6550592094582903 
0.10000000000000006 -1000.0 0.07290000000000017 -1000.0 0.09000000000000012 0.07290000000000017 -1000.0 -0.09999999999999995 
0.08100000000000014 0.08100000000000007 0.07290000000000008 0.05904900000000021 0.06561000000000021 0.06561000000000021 -1000.0 -0.10000000000000006 
0.07290000000000017 0.0729000000000001 0.06561000000000021 0.06561000000000021 0.07290000000000017 0.08100000000000014 -1000.0 -0.10000000000000006 
0.08999999999999993 0.05904900000000021 0.0729000000000001 0.06561000000000021 0.08100000000000014 0.0729000000000001 -1000.0 -0.09999999999999995 
0.08999999999999998 0.06561000000000021 0.08100000000000014 0.08100000000000007 0.0729000000000001 0.07290000000000017 -1000.0 -0.09999999999999995 
0.08100000000000007 -1000.0 0.08999999999999993 -1000.0 0.08100000000000014 0.09000000000000012 -1000.0 -0.09999999999999995 
0.0729000000000001 0.07290000000000017 0.0729000000000001 0.06561000000000021 0.0729000000000001 0.08100000000000007 -1000.0 -0.10000000000000006 
0.05904900000000021 0.07290000000000008 0.07290000000000017 0.0729000000000001 0.07290000000000017 0.08100000000000014 -1000.0 -0.10000000000000006 
0.06561000000000021 0.06561000000000021 0.06561000000000021 0.08100000000000014 0.07290000000000017 0.08100000000000014 -1000.0 -0.09999999999999995 
0.06561000000000021 0.0729000000000001 0.081 0.07290000000000017 0.0729000000000001 0.07290000000000017 -1000.0 -0.09999999999999995 
0.07290000000000017 -1000.0 0.08999999999999998 -1000.0 0.08999999999999998 0.08100000000000014 -1000.0 -0.10000000000000006 
0.07290000000000008 0.08999999999999993 0.08100000000000007 0.07290000000000017 0.07290000000000017 0.07290000000000017 -1000.0 -0.10000000000000006 
0.06561000000000021 0.0729000000000001 0.08100000000000007 0.06561000000000021 0.08100000000000007 0.06561000000000021 -1000.0 -0.10000000000000006 
0.0729000000000001 0.07290000000000017 0.0729000000000001 0.081 0.08100000000000007 0.07290000000000017 -1000.0 -0.09999999999999995 
0.08100000000000014 0.06561000000000021 0.08100000000000007 0.08999999999999998 0.08100000000000007 0.06561000000000021 -1000.0 -0.10000000000000006 
0.5463043597795869 -1000.0 -0.5278356551862337 -1000.0 -0.5844352889591444 -2.118881072704623 -1000.0 -1.2640049365649821 
2.1610139587595856 0.5605829912670173 -0.7999538017722113 0.21300110307399736 2.721662985727882 1.6993824971993623 -1000.0 0.28343329443551113 
-1.6786884021813535 0.9158531161551077 1.381814158453131 0.9528915189701666 0.31296678607236406 1.7309264731200997 -1000.0 0.2150571271937472 
0.362580160629347 -0.07746107978771175 -0.6962966460966777 -2.00589415411539 -1.0219734522782584 -0.37714424897569265 -1000.0 0.2208491223234904 
1.705889267406164 -0.819109808474714 0.7946592233394916 -0.4905295710606265 -0.7955844853357517 0.7269009835170137 -1000.0 1.9417084399607036 
-1.0 -1.0 -1.0 -1.0 -1.0 -1.0 -1.0 -1.0 
-1000.0 0.09999999999999995 -1000.0 0.09000000000000012 0.08999999999999998 -1000.0 0.0729000000000001 0.0729000000000001 
-1000.0 0.0729000000000001 -1000.0 0.08100000000000007 0.09000000000000012 -1000.0 0.09000000000000012 0.09000000000000012 
-1000.0 0.08100000000000007 -1000.0 0.09999999999999995 0.08100000000000014 -1000.0 0.08100000000000007 0.08100000000000007 
-1000.0 1.3892904134889332 -1000.0 1.4432676608154988 -1.054470330728734 -1000.0 -1.5265719008953205 -0.723949025056413 
0.10000000000000006 -1000.0 0.09000000000000012 -1000.0 0.09000000000000012 -1000.0 0.07290000000000017 0.07290000000000017 
0.0729000000000001 0.07290000000000017 0.07290000000000017 0.06561000000000021 0.06561000000000021 -1000.0 0.06561000000000021 0.06561000000000021 
0.08100000000000007 0.06561000000000021 0.07290000000000017 0.06561000000000014 0.08100000000000014 -1000.0 0.06561000000000021 0.06561000000000021 
0.09000000000000012 0.06561000000000021 0.08100000000000007 0.07290000000000017 0.08100000000000014 -1000.0 0.06561000000000021 0.06561000000000021 
0.08100000000000007 0.06561000000000021 0.08100000000000007 0.06561000000000021 0.07290000000000017 -1000.0 0.06561000000000014 0.06561000000000014 
0.07290000000000017 -1000.0 0.08100000000000014 -1000.0 0.08999999999999998 -1000.0 0.09000000000000012 0.08999999999999998 
0.06561000000000021 0.08100000000000007 0.07290000000000017 0.08100000000000014 0.08100000000000007 -1000.0 0.08100000000000007 0.08100000000000007 
0.06561000000000021 0.07290000000000017 0.0729000000000001 0.08100000000000014 0.06561000000000021 -1000.0 0.06561000000000021 0.06561000000000021 
0.06561000000000021 0.07290000000000017 0.07290000000022706 0.08100000000000007 0.07290000000000017 -1000.0 0.07290000000000017 0.07290000000000017 
0.06561000000000014 0.08100000000000014 0.06561008767894425 0.07290000000000017 0.07290000000000008 -1000.0 0.0729000000000001 0.07290000000000008 
0.08100000000000007 -1000.0 0.09999999999999995 -1000.0 0.08100000000000014 -1000.0 0.08100000000000007 0.08100000000000007 
0.07290000000000017 0.09000000000000012 0.0729000000000001 0.08100000000000007 0.0729000000000001 -1000.0 0.08100000000000014 0.08100000000000007 
0.07290000000000017 0.07290000000000017 0.08100000000000007 0.08100000000000007 0.0729000000000001 -1000.0 0.0729000000000001 0.0729000000000001 
0.08100000000000014 0.07290000000000017 0.09000000000000012 0.09000000000000012 0.0729000000000001 -1000.0 0.06561000000000021 0.06561000000000021 
0.08100000000000014 0.08100000000000007 0.08100000000000007 0.07290000000000017 0.0729000000000001 -1000.0 0.07290000000000017 0.0729000000000001 
0.15476123207651502 -1000.0 -0.23615401586924145 -1000.0 -0.12955601383394735 -1000.0 -0.8458896476171065 -0.16037853157882132 
0.07668292549932891 -0.27514628528327134 1.1118861059448253 -1.6663014300411374 0.18831092358186996 -1000.0 0.1256930447261628 -2.1314057364181505 
-0.7900032566249013 -0.5733368090815776 -1.1986851404274497 -0.8881179406305492 1.0645652169150384 -1000.0 0.4658061177063178 -0.725877680891202 
-0.5470480041463965 -0.7040814086741939 -0.7711117954798605 0.13802357530617235 -0.016593730785586007 -1000.0 0.6897721233225315 0.15643648787707795 
0.4482154034370422 0.1996102763757444 0.07124724863624056 1.253146683653473 -0.6395798813349982 -1000.0 0.2854965398317526 -0.33346554330698175 
-1.0 -1.0 -1.0 -1.0 -1.0 -1.0 -1.0 -1.0 
-1000.0 0.09999999999999995 -1000.0 0.08100000000000014 -1000.0 0.0729000000000001 0.08100000000000007 0.0729000000000001 
-1000.0 0.0729000000000001 -1000.0 0.09999999999999995 -1000.0 0.08100000000000014 0.09000000000000012 0.08100000000000014 
-1000.0 0.09000000000000012 -1000.0 0.0729000000000001 -1000.0 -0.09999999999999995 0.08100000000000014 -0.10000000000000006 
-1000.0 -0.5107258765155922 -1000.0 1.5493795469018057 -1000.0 1.1698326576703988 -0.4602700026525279 0.37974320058578626 
0.10000000000000006 -1000.0 0.08100000000000007 -1000.0 -1000.0 0.07290000000000017 0.08100000000000014 0.07290000000000017 
0.0729000000000001 0.07290000000000017 0.0729000000000001 0.07290000000000017 -1000.0 0.06561000000000021 0.07290000000000017 0.06561000000000021 
0.09000000000000012 0.06561000000000021 0.07290000000000017 0.07290000000000017 -1000.0 0.081 0.07290000000000017 0.08100000000000014 
0.09000000000000012 0.08100000000000014 0.06561086208800171 0.06561000000000021 -1000.0 0.07290000000000016 0.07290000000000017 0.07290000000000016 
0.08100000000000014 0.07290000000000016 0.07290000000000138 0.08100000000000014 -1000.0 0.07290000000000017 0.0729000000000001 0.07290000000000017 
0.07290000000000017 -1000.0 0.10000000000000006 -1000.0 -1000.0 0.08100000000000014 0.09000000000000012 0.08100000000000014 
0.06561000000000021 0.08999999999999998 0.0729000000000001 0.08100000000000014 -1000.0 0.0729000000000001 0.08100000000000007 0.0729000000000001 
0.08100000000000014 0.07290000000000017 0.09000000000000012 0.08999999999999998 -1000.0 0.07290000000000017 0.06561000000000021 0.07290000000000017 
0.07290000000000016 0.08100000000000014 0.09000000000000012 0.07290000000000017 -1000.0 0.06561000000000021 0.0729000000000001 0.06561000000000021 
0.0729000144245026 0.07290001227059938 0.08100000000000014 0.08100000000000014 -1000.0 0.07290000242975582 0.08100000000000007 0.07290005423453827 
0.08999999999999998 -1000.0 0.07290000000000017 -1000.0 -1000.0 -0.09999999999999995 0.08100000000000007 -0.09999999999999995 
0.07290000000000017 0.08999999999999998 0.06561000000000021 0.08100000000000007 -1000.0 -0.09999999999999995 0.081 -0.09999999999999995 
0.08100000000000014 0.06561000000000021 0.08100000000000014 0.08999999999999998 -1000.0 -0.10000000000000006 0.0729000000000001 -0.10000000000000006 
0.07290000000000017 0.08100000000000007 0.07290000000000016 0.06561000000000021 -1000.0 -0.09999999999999995 0.0729000000000001 -0.10000000000000006 
0.08100000000000014 0.07290000000000017 0.07290000000000017 0.08100000000000007 -1000.0 -0.09999999999999995 0.08100000000000007 -0.10000000000000006 
-2.378159713156673 -1000.0 -0.17215983497221218 -1000.0 -1000.0 1.0315046091661666 1.6249606489828683 -0.10581723124193997 
0.033299468171843614 0.9874855011938506 -1.188478066005108 1.1753376213458018 -1000.0 -0.6894939950581017 0.2429984945099752 0.0704962187895387 
0.12967637297605875 -0.6043389776459117 0.5975686726682385 -0.02008342368200449 -1000.0 1.6157880270591056 -2.5195006919722807 0.2642786653787232 
1.3961278652831506 1.3509546329634365 -0.6375771970568823 1.2713484092778664 -1000.0 -2.6269601107084593 0.9870506269519145 0.2692094391804735 
-0.251204070377916 0.21321014366325425 0.48628056557651367 -0.2840233957217748 -1000.0 0.538702154323535 -0.5817392294148448 0.9623778661457304 
-1.0 -1.0 -1.0 -1.0 -1.0 -1.0 -1.0 -1.0 
-1000.0 0.09999999999999995 -1000.0 0.10000000000000006 0.08999999999999998 0.08100000000000007 0.08100000000000007 0.08999999999999998 
-1000.0 0.08999999999999998 -1000.0 0.08999999999999998 -0.09999999999999995 0.08999999999999998 0.08100000000000007 -0.10000000000000006 
-1000.0 0.08100000000000014 -1000.0 0.08100000000000014 -0.08999999999999998 0.08999999999999993 -0.08999999999999998 -0.09000000000000007 
-1000.0 -1.1554413159352381 -1000.0 -1.1144082250446423 -0.7372048902975833 -1.221226744268647 0.7403284916182016 0.6424280161270484 
0.09999999999999995 -1000.0 0.10000000000000006 -1000.0 0.09000000000000012 0.08100000000000014 0.08100000000000007 0.08999999999999993 
0.08999999999999998 0.09000000000000012 0.08999999999999998 0.09000000000000012 0.06563123208939053 0.07290036366633405 0.07290035097180234 0.06564040042689458 
0.08100000000000014 0.06561001479226228 0.08100000000000014 0.06561003461328017 0.07290000045463624 0.06561118442759355 0.08100000000000014 0.07290004022041907 
0.08999999999999993 0.07290000000008041 0.08999999999999993 0.07290000000026119 0.08100000000003382 0.0729000000000001 0.07290000000001132 0.08100000000014222 
0.08100000000000007 0.0810000000000001 0.08100000000000007 0.08100000000000007 0.07290025817556307 0.07290021210922011 0.08100000000000014 0.07290013557168107 
-0.059974049957315145 -1000.0 -0.27661720185983507 -1000.0 -0.06530901075103593 0.025160832502295546 0.1024221280823254 0.012987616256515781 
-0.1686341858067123 0.10415211435384686 0.07872429748926342 0.07142106300192273 0.01366643375342872 0.10530135409314845 0.1028473403764007 -0.1172690157680798 
0.10542411343925887 0.10434048029673745 0.10522489870440975 0.09925697375080239 -0.007900090566041386 0.1061328895275243 0.07705982278630645 -0.1405250303924595 
0.12028303410739502 0.1242111351936559 0.07517653691465241 0.12182493695642009 -0.0792267798649394 0.11666231644684893 0.10194865907256535 -0.10252623752068249 
1.771069369695351 -0.33331319226436185 1.1553394750562922 0.16640510470696876 0.3483699298413938 -0.6441159334830452 0.7024939827886113 -2.904901896493095 
0.0811865222504342 -1000.0 0.08126853311579453 -1000.0 -0.08999999997688839 0.08999999997703147 -0.09000000663062176 -0.089999958997133 
0.09737194931885812 0.09924792448942493 0.09981671162580356 0.0986606625941409 0.0660623034187721 0.0843132409242088 0.0695790503593793 0.0663908899747202 
0.1047307432981487 0.10167611495589846 0.10353094766802598 0.10291377350216975 0.059560005948677656 0.07369572169371866 0.05938461873172207 0.06079296683079038 
0.09571468194899543 0.09659571412101219 0.09700812650649593 0.09610636667324846 0.06564437216803026 0.08100174176838036 0.06562831653088719 0.06561723565053529 
0.10801214399711466 0.10809126094607499 0.10529609639909861 0.10748334815516483 0.07290000000009286 0.07294361700044158 0.07289999999992638 0.07289999999999944 
0.2469767906392876 -1000.0 -1.4199557002824783 -1000.0 -0.5013256057597124 -0.6086711570183738 0.10608995543726503 -0.3062325715197545 
-0.5301792637278987 1.7254484652682573 0.20301760320283865 1.6500651536381075 -0.3811064802278475 0.6016412571251221 -0.47087910798469645 -0.8205820032284783 
2.015119242280674 1.6311513071092765 0.20608290230004958 0.11252866609651205 0.9830627097808206 0.10350226549084303 -0.8448175624218484 0.6371112151231249 
1.7217254788164726 -0.21481501352677698 1.9864727193778664 -0.5290834681948886 0.7842920925588136 0.04852385144807814 -1.236603804036585 0.010726448332130501 
1.2371799073111336 -0.614403594457378 -0.6404063397512462 0.4374935808044771 0.5134155440254059 0.19215367725405566 0.5909274208665156 -1.3175014082266494 
alpha
0.2
gamma
0.9
epsilon
0.3678794227774987
END